0.000	0.000	0.000	0.000	0.000	0.048	0.628
75.893	-0.998	-0.056	-0.011	0.002	-0.164	-0.608
75.945	-0.998	-0.059	-0.011	0.002	-0.164	-0.612
75.996	-0.998	-0.062	-0.016	0.002	-0.162	-0.653
76.051	-0.998	-0.066	-0.023	0.002	-0.158	-0.698
76.102	-0.998	-0.069	-0.031	0.002	-0.155	-0.746
76.150	-0.997	-0.072	-0.039	0.002	-0.151	-0.799
76.200	-0.997	-0.075	-0.048	0.003	-0.145	-0.859
76.258	-0.997	-0.079	-0.053	0.004	-0.142	-0.904
76.309	-0.997	-0.082	-0.061	0.005	-0.136	-0.961
76.358	-0.996	-0.085	-0.068	0.006	-0.130	-1.025
76.409	-0.996	-0.088	-0.075	0.008	-0.123	-1.084
76.465	-0.996	-0.092	-0.080	0.010	-0.117	-1.130
76.529	-0.995	-0.095	-0.089	0.013	-0.106	-1.213
76.590	-0.995	-0.099	-0.093	0.015	-0.098	-1.264
76.636	-0.995	-0.102	-0.097	0.017	-0.091	-1.304
76.684	-0.994	-0.105	-0.102	0.020	-0.079	-1.361
76.748	-0.994	-0.109	-0.105	0.023	-0.069	-1.403
76.829	-0.993	-0.114	-0.110	0.027	-0.050	-1.457
76.889	-0.993	-0.118	-0.112	0.029	-0.037	-1.482
76.953	-0.992	-0.121	-0.114	0.031	-0.025	-1.494
77.030	-0.992	-0.126	-0.115	0.034	-0.006	-1.496
77.101	-0.991	-0.130	-0.115	0.034	0.008	-1.480
77.175	-0.991	-0.135	-0.115	0.034	0.026	-1.441
77.242	-0.990	-0.139	-0.115	0.033	0.040	-1.395
77.310	-0.989	-0.143	-0.114	0.031	0.050	-1.346
77.386	-0.989	-0.148	-0.113	0.027	0.062	-1.277
77.451	-0.988	-0.152	-0.113	0.023	0.073	-1.205
77.517	-0.988	-0.156	-0.113	0.018	0.081	-1.130
77.589	-0.987	-0.160	-0.114	0.012	0.089	-1.051
77.661	-0.986	-0.164	-0.115	0.007	0.095	-0.973
77.731	-0.985	-0.168	-0.117	-0.000	0.101	-0.887
77.795	-0.985	-0.172	-0.119	-0.007	0.105	-0.824
77.863	-0.984	-0.176	-0.121	-0.013	0.109	-0.748
77.936	-0.983	-0.180	-0.124	-0.019	0.111	-0.685
78.010	-0.982	-0.185	-0.128	-0.026	0.113	-0.622
78.074	-0.981	-0.188	-0.132	-0.033	0.115	-0.560
78.137	-0.981	-0.192	-0.135	-0.038	0.115	-0.520
78.196	-0.980	-0.195	-0.139	-0.044	0.116	-0.468
78.265	-0.979	-0.199	-0.144	-0.050	0.116	-0.426
78.330	-0.978	-0.203	-0.149	-0.057	0.116	-0.381
78.399	-0.977	-0.207	-0.154	-0.063	0.116	-0.341
78.470	-0.976	-0.211	-0.159	-0.069	0.116	-0.309
78.537	-0.975	-0.215	-0.164	-0.074	0.115	-0.278
78.602	-0.974	-0.219	-0.170	-0.081	0.114	-0.247
78.668	-0.974	-0.222	-0.173	-0.084	0.114	-0.227
78.737	-0.973	-0.226	-0.179	-0.090	0.113	-0.202
78.806	-0.972	-0.230	-0.186	-0.097	0.112	-0.175
78.872	-0.971	-0.234	-0.190	-0.101	0.111	-0.158
78.944	-0.969	-0.238	-0.195	-0.106	0.110	-0.140
79.012	-0.968	-0.242	-0.201	-0.111	0.109	-0.121
79.082	-0.967	-0.245	-0.208	-0.117	0.107	-0.104
79.151	-0.966	-0.249	-0.213	-0.121	0.106	-0.092
79.218	-0.965	-0.253	-0.218	-0.125	0.105	-0.079
79.280	-0.964	-0.256	-0.223	-0.130	0.104	-0.068
79.350	-0.963	-0.260	-0.229	-0.135	0.103	-0.057
79.422	-0.962	-0.264	-0.234	-0.139	0.102	-0.047
79.487	-0.961	-0.267	-0.239	-0.143	0.101	-0.039
79.552	-0.959	-0.271	-0.244	-0.147	0.099	-0.032
79.618	-0.958	-0.274	-0.249	-0.152	0.098	-0.024
79.682	-0.957	-0.277	-0.254	-0.156	0.097	-0.018
79.744	-0.956	-0.281	-0.258	-0.159	0.096	-0.013
79.812	-0.955	-0.284	-0.263	-0.163	0.095	-0.007
79.885	-0.953	-0.288	-0.268	-0.167	0.094	-0.001
79.939	-0.952	-0.291	-0.272	-0.170	0.093	0.002
80.010	-0.951	-0.294	-0.278	-0.175	0.092	0.007
80.077	-0.950	-0.298	-0.281	-0.178	0.091	0.011
80.140	-0.948	-0.301	-0.287	-0.182	0.089	0.015
80.205	-0.947	-0.304	-0.291	-0.186	0.088	0.018
80.265	-0.946	-0.307	-0.295	-0.189	0.087	0.021
80.327	-0.945	-0.310	-0.300	-0.193	0.086	0.023
80.400	-0.943	-0.314	-0.303	-0.196	0.085	0.027
80.468	-0.942	-0.317	-0.308	-0.199	0.084	0.030
80.532	-0.940	-0.320	-0.312	-0.203	0.083	0.032
80.605	-0.939	-0.324	-0.317	-0.207	0.082	0.035
80.665	-0.937	-0.327	-0.321	-0.210	0.081	0.036
80.735	-0.936	-0.330	-0.325	-0.214	0.080	0.039
80.796	-0.934	-0.333	-0.328	-0.216	0.079	0.041
80.869	-0.933	-0.336	-0.333	-0.220	0.078	0.043
80.940	-0.931	-0.340	-0.337	-0.224	0.077	0.044
81.004	-0.930	-0.342	-0.340	-0.226	0.076	0.046
81.076	-0.928	-0.346	-0.345	-0.230	0.075	0.048
81.146	-0.926	-0.349	-0.348	-0.233	0.074	0.049
81.216	-0.925	-0.352	-0.352	-0.236	0.073	0.051
81.279	-0.923	-0.355	-0.356	-0.240	0.071	0.052
81.350	-0.921	-0.358	-0.359	-0.243	0.070	0.053
81.426	-0.920	-0.361	-0.363	-0.246	0.069	0.055
81.498	-0.918	-0.364	-0.366	-0.249	0.068	0.057
81.571	-0.916	-0.368	-0.371	-0.253	0.067	0.057
81.646	-0.914	-0.371	-0.374	-0.256	0.066	0.058
81.721	-0.912	-0.374	-0.377	-0.258	0.065	0.060
81.792	-0.910	-0.377	-0.381	-0.262	0.064	0.060
81.866	-0.908	-0.380	-0.384	-0.265	0.063	0.062
81.935	-0.907	-0.383	-0.388	-0.268	0.062	0.062
82.004	-0.905	-0.385	-0.391	-0.271	0.061	0.063
82.073	-0.903	-0.388	-0.394	-0.273	0.060	0.064
82.142	-0.901	-0.391	-0.396	-0.276	0.059	0.065
82.209	-0.899	-0.393	-0.399	-0.279	0.058	0.065
82.272	-0.897	-0.396	-0.402	-0.281	0.057	0.066
82.345	-0.895	-0.399	-0.405	-0.284	0.056	0.067
82.414	-0.893	-0.401	-0.407	-0.286	0.055	0.068
82.481	-0.892	-0.404	-0.410	-0.289	0.054	0.068
82.544	-0.890	-0.406	-0.412	-0.291	0.054	0.069
82.612	-0.888	-0.409	-0.415	-0.294	0.053	0.069
82.683	-0.886	-0.411	-0.417	-0.296	0.052	0.070
82.747	-0.884	-0.413	-0.419	-0.298	0.051	0.070
82.823	-0.882	-0.416	-0.422	-0.301	0.050	0.072
82.898	-0.879	-0.419	-0.425	-0.304	0.049	0.072
82.966	-0.877	-0.421	-0.427	-0.306	0.048	0.072
83.033	-0.875	-0.423	-0.429	-0.308	0.047	0.073
83.103	-0.873	-0.426	-0.431	-0.311	0.046	0.073
83.176	-0.871	-0.428	-0.434	-0.313	0.045	0.074
83.236	-0.869	-0.430	-0.435	-0.315	0.044	0.075
83.309	-0.867	-0.432	-0.437	-0.317	0.044	0.076
83.377	-0.865	-0.434	-0.439	-0.319	0.043	0.076
83.446	-0.862	-0.437	-0.441	-0.321	0.042	0.076
83.516	-0.860	-0.439	-0.443	-0.323	0.041	0.077
83.584	-0.858	-0.441	-0.445	-0.325	0.040	0.078
83.659	-0.856	-0.443	-0.446	-0.327	0.039	0.078
83.721	-0.854	-0.445	-0.448	-0.329	0.038	0.079
83.792	-0.851	-0.447	-0.450	-0.331	0.038	0.080
83.857	-0.849	-0.449	-0.451	-0.332	0.037	0.080
83.926	-0.847	-0.450	-0.453	-0.334	0.036	0.081
83.989	-0.845	-0.452	-0.454	-0.336	0.035	0.081
84.059	-0.842	-0.454	-0.455	-0.338	0.034	0.082
84.121	-0.840	-0.456	-0.457	-0.339	0.034	0.083
84.192	-0.838	-0.457	-0.458	-0.341	0.033	0.083
84.251	-0.836	-0.459	-0.459	-0.342	0.032	0.084
84.318	-0.833	-0.461	-0.461	-0.344	0.031	0.085
84.386	-0.831	-0.462	-0.462	-0.345	0.030	0.086
84.460	-0.828	-0.464	-0.463	-0.347	0.030	0.086
84.529	-0.826	-0.466	-0.464	-0.349	0.029	0.087
84.598	-0.824	-0.467	-0.466	-0.350	0.028	0.088
84.668	-0.821	-0.469	-0.467	-0.351	0.027	0.089
84.733	-0.819	-0.470	-0.468	-0.353	0.026	0.089
84.796	-0.816	-0.471	-0.469	-0.354	0.026	0.090
84.869	-0.814	-0.473	-0.469	-0.355	0.025	0.091
84.930	-0.812	-0.474	-0.470	-0.356	0.024	0.092
84.999	-0.809	-0.476	-0.471	-0.358	0.023	0.093
85.071	-0.806	-0.477	-0.472	-0.359	0.023	0.094
85.142	-0.804	-0.478	-0.473	-0.360	0.022	0.095
85.212	-0.801	-0.479	-0.474	-0.361	0.021	0.096
85.283	-0.798	-0.481	-0.474	-0.362	0.020	0.098
85.356	-0.796	-0.482	-0.475	-0.363	0.020	0.099
85.422	-0.793	-0.483	-0.476	-0.364	0.019	0.100
85.488	-0.791	-0.484	-0.477	-0.365	0.018	0.101
85.559	-0.788	-0.485	-0.477	-0.366	0.017	0.103
85.634	-0.785	-0.486	-0.478	-0.367	0.017	0.104
85.706	-0.782	-0.487	-0.479	-0.368	0.016	0.106
85.771	-0.780	-0.488	-0.479	-0.369	0.015	0.107
85.844	-0.777	-0.489	-0.480	-0.370	0.014	0.109
85.907	-0.774	-0.490	-0.481	-0.370	0.014	0.111
85.974	-0.772	-0.491	-0.481	-0.371	0.013	0.112
86.042	-0.769	-0.492	-0.482	-0.371	0.012	0.115
86.118	-0.766	-0.492	-0.482	-0.372	0.012	0.116
86.177	-0.763	-0.493	-0.483	-0.373	0.011	0.118
86.245	-0.761	-0.494	-0.483	-0.373	0.010	0.120
86.309	-0.758	-0.494	-0.483	-0.374	0.010	0.122
86.381	-0.755	-0.495	-0.484	-0.374	0.009	0.124
86.453	-0.752	-0.496	-0.484	-0.374	0.008	0.126
86.526	-0.749	-0.496	-0.485	-0.375	0.008	0.129
86.592	-0.746	-0.497	-0.485	-0.375	0.007	0.131
86.666	-0.743	-0.497	-0.485	-0.376	0.006	0.133
86.729	-0.741	-0.498	-0.486	-0.376	0.006	0.135
86.786	-0.738	-0.498	-0.486	-0.376	0.005	0.137
86.852	-0.735	-0.498	-0.486	-0.376	0.005	0.140
86.926	-0.732	-0.499	-0.486	-0.376	0.004	0.143
86.992	-0.729	-0.499	-0.487	-0.376	0.003	0.145
87.057	-0.727	-0.499	-0.487	-0.377	0.003	0.148
87.123	-0.724	-0.499	-0.487	-0.377	0.002	0.150
87.193	-0.721	-0.500	-0.487	-0.377	0.002	0.153
87.257	-0.718	-0.500	-0.488	-0.377	0.001	0.156
87.327	-0.715	-0.500	-0.488	-0.376	0.000	0.159
87.399	-0.712	-0.500	-0.488	-0.376	-0.000	0.162
87.470	-0.708	-0.500	-0.488	-0.376	-0.001	0.166
87.542	-0.705	-0.500	-0.488	-0.376	-0.001	0.170
87.610	-0.702	-0.500	-0.488	-0.376	-0.002	0.173
87.679	-0.699	-0.500	-0.489	-0.376	-0.002	0.176
87.742	-0.696	-0.500	-0.489	-0.375	-0.003	0.180
87.812	-0.693	-0.500	-0.489	-0.375	-0.003	0.184
87.880	-0.690	-0.499	-0.489	-0.375	-0.004	0.187
87.949	-0.687	-0.499	-0.489	-0.374	-0.004	0.191
88.027	-0.683	-0.499	-0.489	-0.374	-0.005	0.196
88.083	-0.681	-0.499	-0.489	-0.374	-0.005	0.199
88.154	-0.677	-0.498	-0.489	-0.373	-0.005	0.203
88.230	-0.674	-0.498	-0.490	-0.373	-0.006	0.208
88.292	-0.671	-0.498	-0.490	-0.373	-0.006	0.213
88.363	-0.668	-0.497	-0.490	-0.372	-0.006	0.217
88.433	-0.664	-0.497	-0.490	-0.372	-0.007	0.222
88.499	-0.661	-0.496	-0.490	-0.371	-0.007	0.227
88.564	-0.658	-0.496	-0.490	-0.371	-0.007	0.232
88.631	-0.655	-0.495	-0.490	-0.370	-0.008	0.236
88.704	-0.652	-0.494	-0.490	-0.370	-0.008	0.242
88.766	-0.649	-0.494	-0.491	-0.369	-0.008	0.247
88.840	-0.645	-0.493	-0.491	-0.369	-0.008	0.253
88.916	-0.641	-0.492	-0.491	-0.368	-0.009	0.259
88.988	-0.638	-0.491	-0.491	-0.368	-0.009	0.265
89.045	-0.635	-0.491	-0.491	-0.367	-0.009	0.270
89.107	-0.632	-0.490	-0.491	-0.367	-0.009	0.275
89.174	-0.629	-0.489	-0.492	-0.366	-0.009	0.281
89.240	-0.626	-0.488	-0.492	-0.366	-0.009	0.287
89.312	-0.622	-0.487	-0.492	-0.365	-0.009	0.294
89.370	-0.619	-0.486	-0.492	-0.364	-0.009	0.299
89.445	-0.616	-0.485	-0.493	-0.363	-0.009	0.306
89.522	-0.612	-0.484	-0.493	-0.363	-0.009	0.313
89.589	-0.608	-0.483	-0.493	-0.362	-0.009	0.320
89.659	-0.605	-0.482	-0.493	-0.362	-0.009	0.327
89.719	-0.602	-0.481	-0.494	-0.361	-0.008	0.333
89.786	-0.599	-0.480	-0.494	-0.361	-0.008	0.339
89.856	-0.595	-0.478	-0.494	-0.360	-0.008	0.347
89.912	-0.592	-0.477	-0.495	-0.360	-0.008	0.352
89.979	-0.589	-0.476	-0.495	-0.359	-0.007	0.359
90.047	-0.585	-0.475	-0.495	-0.358	-0.007	0.366
90.118	-0.582	-0.473	-0.496	-0.358	-0.006	0.373
90.175	-0.579	-0.472	-0.496	-0.358	-0.006	0.379
90.241	-0.575	-0.471	-0.496	-0.357	-0.006	0.386
90.309	-0.572	-0.469	-0.496	-0.357	-0.005	0.392
90.377	-0.568	-0.468	-0.497	-0.357	-0.004	0.399
90.440	-0.565	-0.466	-0.497	-0.356	-0.004	0.406
90.510	-0.562	-0.465	-0.497	-0.356	-0.003	0.412
90.568	-0.559	-0.463	-0.498	-0.356	-0.002	0.418
90.631	-0.555	-0.462	-0.498	-0.356	-0.002	0.423
90.703	-0.551	-0.460	-0.498	-0.356	-0.001	0.430
90.769	-0.548	-0.458	-0.498	-0.356	0.000	0.435
90.840	-0.544	-0.457	-0.498	-0.356	0.001	0.442
90.910	-0.541	-0.455	-0.499	-0.356	0.002	0.448
90.980	-0.537	-0.453	-0.499	-0.356	0.003	0.453
91.042	-0.534	-0.451	-0.499	-0.357	0.004	0.457
91.116	-0.530	-0.449	-0.499	-0.357	0.005	0.463
91.190	-0.526	-0.447	-0.499	-0.357	0.007	0.468
91.258	-0.522	-0.445	-0.499	-0.358	0.008	0.472
91.334	-0.518	-0.443	-0.498	-0.358	0.009	0.475
91.402	-0.514	-0.441	-0.498	-0.359	0.011	0.478
91.465	-0.511	-0.439	-0.498	-0.359	0.012	0.482
91.550	-0.506	-0.437	-0.498	-0.360	0.013	0.485
91.605	-0.503	-0.435	-0.497	-0.360	0.015	0.487
91.671	-0.500	-0.433	-0.497	-0.361	0.016	0.487
91.737	-0.496	-0.431	-0.496	-0.362	0.018	0.487
91.806	-0.492	-0.429	-0.495	-0.362	0.019	0.490
91.877	-0.489	-0.426	-0.494	-0.363	0.020	0.490
91.944	-0.485	-0.424	-0.493	-0.364	0.022	0.488
92.022	-0.481	-0.421	-0.492	-0.365	0.024	0.486
92.093	-0.477	-0.419	-0.491	-0.366	0.025	0.486
92.158	-0.473	-0.417	-0.490	-0.367	0.027	0.484
92.226	-0.469	-0.414	-0.488	-0.368	0.029	0.479
92.287	-0.466	-0.412	-0.487	-0.368	0.030	0.475
92.362	-0.462	-0.410	-0.485	-0.369	0.032	0.473
92.431	-0.458	-0.407	-0.483	-0.370	0.033	0.469
92.499	-0.454	-0.405	-0.481	-0.371	0.035	0.464
92.565	-0.450	-0.402	-0.480	-0.371	0.036	0.462
92.622	-0.447	-0.400	-0.478	-0.372	0.037	0.458
92.695	-0.443	-0.397	-0.475	-0.373	0.039	0.451
92.758	-0.439	-0.395	-0.473	-0.373	0.040	0.442
92.838	-0.435	-0.392	-0.470	-0.374	0.042	0.437
92.900	-0.431	-0.389	-0.468	-0.374	0.043	0.433
92.960	-0.428	-0.387	-0.465	-0.375	0.044	0.425
93.034	-0.424	-0.384	-0.462	-0.375	0.046	0.418
93.097	-0.420	-0.381	-0.459	-0.376	0.047	0.408
93.167	-0.416	-0.378	-0.456	-0.376	0.048	0.400
93.243	-0.412	-0.375	-0.453	-0.376	0.050	0.392
93.291	-0.409	-0.373	-0.450	-0.376	0.051	0.387
93.367	-0.405	-0.370	-0.447	-0.376	0.052	0.377
93.423	-0.402	-0.368	-0.444	-0.376	0.053	0.372
93.500	-0.397	-0.364	-0.440	-0.375	0.054	0.361
93.557	-0.394	-0.362	-0.437	-0.375	0.055	0.355
93.634	-0.389	-0.359	-0.433	-0.375	0.056	0.346
93.688	-0.386	-0.356	-0.430	-0.374	0.057	0.336
93.758	-0.382	-0.353	-0.426	-0.374	0.058	0.328
93.827	-0.378	-0.350	-0.423	-0.373	0.059	0.322
93.893	-0.374	-0.347	-0.419	-0.372	0.060	0.313
93.951	-0.371	-0.345	-0.416	-0.371	0.061	0.304
94.015	-0.367	-0.342	-0.412	-0.371	0.062	0.298
94.094	-0.363	-0.338	-0.408	-0.369	0.063	0.287
94.167	-0.358	-0.335	-0.404	-0.368	0.064	0.281
94.238	-0.354	-0.331	-0.399	-0.367	0.064	0.270
94.295	-0.351	-0.329	-0.396	-0.366	0.065	0.265
94.354	-0.347	-0.326	-0.393	-0.365	0.066	0.257
94.427	-0.343	-0.322	-0.388	-0.363	0.066	0.248
94.496	-0.339	-0.319	-0.384	-0.362	0.067	0.243
94.553	-0.336	-0.316	-0.381	-0.360	0.068	0.236
94.612	-0.332	-0.313	-0.378	-0.359	0.068	0.230
94.673	-0.328	-0.310	-0.374	-0.357	0.069	0.224
94.736	-0.325	-0.307	-0.369	-0.355	0.069	0.215
94.810	-0.320	-0.303	-0.365	-0.353	0.070	0.209
94.876	-0.316	-0.300	-0.362	-0.352	0.071	0.204
94.945	-0.312	-0.297	-0.357	-0.349	0.071	0.194
95.024	-0.308	-0.293	-0.352	-0.347	0.072	0.187
95.092	-0.304	-0.289	-0.348	-0.345	0.072	0.181
95.155	-0.300	-0.286	-0.344	-0.342	0.073	0.176
95.224	-0.296	-0.282	-0.340	-0.340	0.074	0.171
95.298	-0.291	-0.279	-0.335	-0.337	0.074	0.163
95.356	-0.288	-0.276	-0.332	-0.335	0.074	0.159
95.418	-0.284	-0.272	-0.329	-0.333	0.075	0.155
95.485	-0.280	-0.269	-0.324	-0.330	0.075	0.148
95.545	-0.276	-0.266	-0.320	-0.328	0.076	0.144
95.620	-0.272	-0.262	-0.316	-0.326	0.076	0.140
95.677	-0.268	-0.258	-0.312	-0.323	0.076	0.134
95.741	-0.264	-0.255	-0.309	-0.320	0.077	0.130
95.809	-0.260	-0.251	-0.305	-0.318	0.077	0.126
95.869	-0.257	-0.248	-0.301	-0.315	0.078	0.122
95.931	-0.253	-0.245	-0.298	-0.313	0.078	0.119
95.997	-0.249	-0.241	-0.293	-0.309	0.078	0.114
96.063	-0.245	-0.237	-0.289	-0.306	0.079	0.109
96.124	-0.241	-0.234	-0.285	-0.303	0.079	0.105
96.195	-0.237	-0.230	-0.281	-0.301	0.079	0.102
96.262	-0.233	-0.226	-0.277	-0.297	0.080	0.098
96.328	-0.229	-0.223	-0.273	-0.294	0.080	0.094
96.394	-0.225	-0.219	-0.269	-0.291	0.080	0.091
96.457	-0.221	-0.215	-0.265	-0.288	0.080	0.088
96.531	-0.216	-0.211	-0.260	-0.284	0.081	0.084
96.601	-0.212	-0.207	-0.257	-0.281	0.081	0.082
96.671	-0.208	-0.203	-0.252	-0.277	0.081	0.078
96.736	-0.204	-0.199	-0.248	-0.273	0.081	0.075
96.808	-0.199	-0.195	-0.243	-0.270	0.082	0.072
96.870	-0.195	-0.192	-0.240	-0.267	0.082	0.070
96.933	-0.192	-0.188	-0.237	-0.264	0.082	0.068
96.998	-0.188	-0.184	-0.232	-0.260	0.083	0.065
97.068	-0.183	-0.180	-0.228	-0.256	0.083	0.063
97.138	-0.179	-0.176	-0.224	-0.253	0.083	0.060
97.203	-0.175	-0.172	-0.220	-0.249	0.083	0.058
97.265	-0.171	-0.168	-0.216	-0.246	0.083	0.056
97.340	-0.166	-0.164	-0.212	-0.242	0.084	0.054
97.407	-0.162	-0.160	-0.208	-0.238	0.084	0.052
97.474	-0.158	-0.156	-0.203	-0.234	0.084	0.050
97.547	-0.154	-0.152	-0.200	-0.231	0.084	0.048
97.619	-0.149	-0.147	-0.195	-0.227	0.085	0.046
97.675	-0.146	-0.144	-0.192	-0.224	0.085	0.045
97.750	-0.141	-0.139	-0.187	-0.219	0.085	0.043
97.820	-0.137	-0.135	-0.183	-0.216	0.085	0.041
97.892	-0.132	-0.131	-0.178	-0.211	0.085	0.039
97.957	-0.128	-0.127	-0.175	-0.208	0.086	0.038
98.020	-0.124	-0.123	-0.171	-0.204	0.086	0.037
98.093	-0.120	-0.119	-0.167	-0.200	0.086	0.035
98.149	-0.116	-0.115	-0.163	-0.197	0.086	0.034
98.217	-0.112	-0.111	-0.159	-0.193	0.086	0.032
98.286	-0.107	-0.107	-0.154	-0.188	0.086	0.031
98.355	-0.103	-0.103	-0.151	-0.185	0.087	0.030
98.427	-0.099	-0.098	-0.146	-0.180	0.086	0.028
98.493	-0.095	-0.094	-0.142	-0.176	0.087	0.027
98.559	-0.090	-0.090	-0.138	-0.172	0.087	0.026
98.623	-0.086	-0.086	-0.134	-0.168	0.087	0.024
98.695	-0.082	-0.082	-0.130	-0.164	0.087	0.023
98.754	-0.078	-0.078	-0.126	-0.161	0.087	0.023
98.817	-0.074	-0.074	-0.123	-0.157	0.087	0.022
98.877	-0.071	-0.070	-0.119	-0.153	0.087	0.021
98.941	-0.066	-0.066	-0.115	-0.150	0.088	0.020
99.008	-0.062	-0.062	-0.111	-0.146	0.088	0.019
99.062	-0.059	-0.059	-0.108	-0.142	0.088	0.018
99.130	-0.055	-0.055	-0.105	-0.139	0.088	0.017
99.197	-0.050	-0.050	-0.100	-0.135	0.088	0.016
99.260	-0.046	-0.046	-0.096	-0.131	0.088	0.016
99.333	-0.042	-0.042	-0.092	-0.126	0.088	0.015
99.392	-0.038	-0.038	-0.088	-0.122	0.088	0.014
99.460	-0.034	-0.034	-0.084	-0.118	0.088	0.013
99.520	-0.030	-0.030	-0.081	-0.114	0.088	0.013
99.584	-0.026	-0.026	-0.077	-0.110	0.088	0.012
99.648	-0.022	-0.022	-0.073	-0.106	0.088	0.012
99.710	-0.018	-0.018	-0.069	-0.103	0.088	0.011
99.782	-0.014	-0.014	-0.065	-0.098	0.088	0.011
99.853	-0.009	-0.009	-0.061	-0.094	0.088	0.010
99.915	-0.005	-0.005	-0.057	-0.090	0.088	0.009
99.979	-0.001	-0.001	-0.053	-0.086	0.088	0.009
100.048	0.003	0.003	-0.049	-0.082	0.088	0.008
100.116	0.007	0.007	-0.046	-0.078	0.089	0.008
100.186	0.012	0.012	-0.040	-0.073	0.088	0.007
100.256	0.016	0.016	-0.037	-0.069	0.089	0.007
100.319	0.020	0.020	-0.033	-0.065	0.088	0.006
100.396	0.025	0.025	-0.029	-0.061	0.089	0.006
100.462	0.029	0.029	-0.025	-0.057	0.089	0.005
100.536	0.034	0.034	-0.019	-0.051	0.088	0.005
100.595	0.037	0.037	-0.016	-0.048	0.088	0.004
100.663	0.042	0.042	-0.012	-0.044	0.088	0.004
100.727	0.046	0.046	-0.008	-0.039	0.088	0.003
100.795	0.050	0.050	-0.004	-0.035	0.088	0.003
100.871	0.055	0.055	-0.000	-0.031	0.089	0.002
100.941	0.059	0.059	0.004	-0.027	0.088	0.002
101.008	0.063	0.063	0.009	-0.022	0.088	0.001
101.080	0.068	0.068	0.013	-0.018	0.088	0.001
101.150	0.072	0.072	0.017	-0.013	0.088	0.000
101.209	0.076	0.076	0.021	-0.010	0.088	-0.000
101.279	0.080	0.080	0.025	-0.005	0.088	-0.001
101.348	0.085	0.084	0.029	-0.002	0.088	-0.001
101.421	0.089	0.089	0.034	0.004	0.088	-0.002
101.486	0.093	0.093	0.037	0.007	0.088	-0.003
101.544	0.097	0.096	0.041	0.011	0.088	-0.003
101.614	0.101	0.101	0.045	0.015	0.088	-0.004
101.685	0.106	0.105	0.049	0.020	0.088	-0.004
101.756	0.110	0.109	0.053	0.024	0.088	-0.005
101.826	0.114	0.114	0.057	0.028	0.088	-0.005
101.902	0.119	0.118	0.062	0.032	0.088	-0.006
101.977	0.124	0.123	0.066	0.037	0.087	-0.007
102.043	0.128	0.127	0.070	0.041	0.087	-0.007
102.113	0.132	0.131	0.074	0.045	0.087	-0.007
102.185	0.137	0.136	0.078	0.050	0.087	-0.008
102.244	0.141	0.139	0.082	0.053	0.087	-0.008
102.319	0.145	0.144	0.087	0.059	0.087	-0.009
102.380	0.149	0.147	0.090	0.062	0.087	-0.009
102.450	0.153	0.152	0.094	0.066	0.087	-0.010
102.521	0.158	0.156	0.099	0.070	0.086	-0.010
102.582	0.162	0.159	0.103	0.074	0.086	-0.010
102.651	0.166	0.164	0.106	0.078	0.086	-0.011
102.716	0.170	0.167	0.111	0.082	0.086	-0.011
102.784	0.174	0.171	0.113	0.085	0.086	-0.011
102.851	0.178	0.175	0.118	0.090	0.086	-0.012
102.924	0.183	0.180	0.123	0.095	0.086	-0.012
102.989	0.187	0.183	0.126	0.098	0.085	-0.012
103.060	0.191	0.188	0.130	0.102	0.085	-0.013
103.131	0.195	0.192	0.134	0.106	0.085	-0.013
103.200	0.200	0.196	0.139	0.111	0.085	-0.013
103.270	0.204	0.200	0.142	0.114	0.085	-0.014
103.339	0.208	0.204	0.147	0.119	0.085	-0.014
103.411	0.213	0.208	0.151	0.123	0.084	-0.014
103.476	0.217	0.212	0.154	0.126	0.084	-0.015
103.543	0.221	0.215	0.158	0.130	0.084	-0.015
103.618	0.225	0.220	0.163	0.135	0.084	-0.016
103.685	0.229	0.223	0.167	0.139	0.084	-0.016
103.758	0.234	0.227	0.170	0.142	0.084	-0.016
103.826	0.238	0.231	0.175	0.147	0.083	-0.016
103.892	0.242	0.235	0.179	0.151	0.083	-0.017
103.968	0.247	0.239	0.183	0.154	0.083	-0.018
104.035	0.251	0.243	0.187	0.159	0.082	-0.018
104.112	0.255	0.247	0.191	0.163	0.082	-0.018
104.172	0.259	0.250	0.195	0.166	0.082	-0.019
104.234	0.263	0.254	0.199	0.170	0.082	-0.019
104.300	0.267	0.257	0.202	0.173	0.082	-0.020
104.366	0.271	0.261	0.206	0.177	0.082	-0.020
104.431	0.275	0.264	0.210	0.181	0.081	-0.020
104.502	0.279	0.268	0.214	0.184	0.081	-0.021
104.569	0.283	0.272	0.218	0.188	0.081	-0.021
104.636	0.287	0.275	0.221	0.192	0.081	-0.022
104.702	0.291	0.279	0.226	0.196	0.080	-0.022
104.771	0.295	0.282	0.229	0.199	0.080	-0.023
104.842	0.300	0.286	0.233	0.202	0.080	-0.023
104.909	0.304	0.289	0.237	0.207	0.079	-0.024
104.977	0.308	0.293	0.240	0.209	0.079	-0.024
105.049	0.312	0.296	0.245	0.214	0.079	-0.025
105.124	0.316	0.300	0.249	0.218	0.079	-0.025
105.201	0.321	0.304	0.253	0.221	0.078	-0.026
105.265	0.325	0.307	0.256	0.224	0.078	-0.027
105.332	0.329	0.311	0.261	0.229	0.078	-0.027
105.409	0.333	0.314	0.265	0.232	0.078	-0.028
105.469	0.337	0.317	0.269	0.236	0.077	-0.029
105.533	0.341	0.320	0.272	0.239	0.077	-0.029
105.597	0.344	0.323	0.275	0.241	0.077	-0.030
105.662	0.348	0.326	0.279	0.245	0.077	-0.030
105.740	0.353	0.330	0.283	0.249	0.076	-0.031
105.796	0.356	0.333	0.287	0.252	0.076	-0.031
105.862	0.360	0.336	0.290	0.255	0.076	-0.031
105.935	0.364	0.339	0.294	0.258	0.075	-0.032
106.005	0.368	0.343	0.298	0.262	0.075	-0.032
106.064	0.372	0.345	0.301	0.265	0.075	-0.033
106.130	0.376	0.348	0.305	0.268	0.074	-0.033
106.200	0.380	0.351	0.309	0.271	0.074	-0.034
106.276	0.384	0.355	0.313	0.275	0.074	-0.034
106.347	0.388	0.358	0.317	0.278	0.073	-0.035
106.415	0.392	0.361	0.320	0.281	0.073	-0.036
106.500	0.397	0.364	0.325	0.285	0.073	-0.036
106.577	0.402	0.368	0.329	0.288	0.072	-0.037
106.648	0.406	0.371	0.333	0.292	0.072	-0.038
106.711	0.409	0.373	0.336	0.294	0.072	-0.038
106.771	0.413	0.376	0.339	0.297	0.072	-0.039
106.841	0.417	0.379	0.343	0.300	0.071	-0.039
106.908	0.421	0.382	0.347	0.303	0.071	-0.040
106.970	0.424	0.384	0.350	0.306	0.070	-0.040
107.039	0.428	0.387	0.353	0.309	0.070	-0.041
107.091	0.431	0.389	0.357	0.312	0.070	-0.041
107.159	0.435	0.392	0.361	0.315	0.070	-0.042
107.230	0.439	0.394	0.364	0.317	0.069	-0.042
107.302	0.443	0.397	0.367	0.320	0.069	-0.043
107.378	0.447	0.400	0.372	0.324	0.068	-0.043
107.435	0.450	0.402	0.374	0.325	0.068	-0.045
107.507	0.454	0.405	0.378	0.328	0.068	-0.045
107.577	0.458	0.407	0.382	0.331	0.067	-0.045
107.636	0.462	0.409	0.385	0.334	0.067	-0.046
107.698	0.465	0.412	0.389	0.337	0.067	-0.046
107.770	0.469	0.414	0.392	0.339	0.066	-0.047
107.834	0.473	0.416	0.395	0.341	0.066	-0.048
107.899	0.476	0.419	0.398	0.344	0.066	-0.049
107.966	0.480	0.421	0.402	0.346	0.065	-0.049
108.038	0.484	0.423	0.405	0.349	0.065	-0.050
108.114	0.488	0.426	0.409	0.352	0.065	-0.051
108.188	0.492	0.428	0.413	0.354	0.064	-0.052
108.258	0.496	0.431	0.417	0.357	0.064	-0.052
108.327	0.500	0.433	0.420	0.360	0.064	-0.053
108.395	0.503	0.435	0.424	0.362	0.063	-0.054
108.454	0.507	0.437	0.427	0.364	0.063	-0.054
108.521	0.510	0.439	0.430	0.366	0.063	-0.055
108.577	0.513	0.440	0.433	0.368	0.062	-0.056
108.644	0.517	0.442	0.436	0.371	0.062	-0.056
108.706	0.520	0.444	0.439	0.373	0.062	-0.057
108.771	0.524	0.446	0.443	0.375	0.061	-0.058
108.849	0.528	0.448	0.447	0.378	0.061	-0.058
108.911	0.531	0.450	0.449	0.380	0.060	-0.060
108.979	0.535	0.452	0.453	0.382	0.060	-0.060
109.043	0.538	0.454	0.456	0.384	0.060	-0.061
109.103	0.541	0.455	0.458	0.386	0.059	-0.062
109.162	0.544	0.457	0.462	0.388	0.059	-0.062
109.236	0.548	0.459	0.465	0.390	0.059	-0.064
109.302	0.552	0.460	0.468	0.392	0.058	-0.064
109.370	0.555	0.462	0.472	0.394	0.058	-0.065
109.440	0.559	0.463	0.475	0.396	0.058	-0.066
109.501	0.562	0.465	0.477	0.397	0.057	-0.067
109.564	0.565	0.466	0.481	0.400	0.057	-0.068
109.622	0.568	0.468	0.484	0.401	0.057	-0.068
109.693	0.572	0.469	0.487	0.403	0.056	-0.070
109.766	0.576	0.471	0.490	0.405	0.056	-0.071
109.834	0.579	0.472	0.493	0.407	0.056	-0.071
109.895	0.582	0.473	0.496	0.408	0.055	-0.073
109.952	0.585	0.475	0.499	0.410	0.055	-0.073
110.013	0.588	0.476	0.502	0.412	0.055	-0.074
110.080	0.592	0.477	0.505	0.413	0.054	-0.075
110.143	0.595	0.478	0.508	0.415	0.054	-0.076
110.218	0.599	0.480	0.511	0.417	0.054	-0.077
110.283	0.602	0.481	0.514	0.418	0.053	-0.077
110.344	0.605	0.482	0.517	0.420	0.053	-0.078
110.412	0.609	0.483	0.521	0.422	0.053	-0.079
110.481	0.612	0.484	0.524	0.423	0.052	-0.080
110.553	0.616	0.485	0.526	0.425	0.052	-0.082
110.618	0.619	0.486	0.530	0.426	0.052	-0.082
110.689	0.622	0.487	0.533	0.428	0.051	-0.084
110.755	0.625	0.488	0.536	0.429	0.051	-0.085
110.812	0.628	0.489	0.538	0.430	0.051	-0.086
110.874	0.631	0.490	0.541	0.432	0.050	-0.086
110.936	0.634	0.490	0.543	0.433	0.050	-0.088
111.010	0.638	0.491	0.547	0.434	0.050	-0.089
111.066	0.641	0.492	0.549	0.435	0.049	-0.090
111.125	0.643	0.493	0.552	0.437	0.049	-0.091
111.185	0.646	0.493	0.554	0.438	0.049	-0.093
111.265	0.650	0.494	0.558	0.439	0.048	-0.093
111.336	0.654	0.495	0.561	0.440	0.048	-0.095
111.403	0.657	0.495	0.564	0.442	0.048	-0.095
111.471	0.660	0.496	0.566	0.443	0.048	-0.097
111.532	0.663	0.496	0.569	0.444	0.047	-0.098
111.591	0.666	0.497	0.572	0.445	0.047	-0.099
111.651	0.668	0.497	0.574	0.446	0.047	-0.100
111.713	0.671	0.498	0.577	0.447	0.046	-0.101
111.769	0.674	0.498	0.579	0.448	0.046	-0.102
111.832	0.677	0.498	0.582	0.448	0.046	-0.104
111.891	0.680	0.499	0.584	0.449	0.046	-0.105
111.955	0.682	0.499	0.587	0.450	0.045	-0.106
112.017	0.685	0.499	0.589	0.451	0.045	-0.108
112.084	0.688	0.499	0.592	0.452	0.045	-0.109
112.150	0.691	0.500	0.595	0.453	0.045	-0.110
112.219	0.695	0.500	0.598	0.454	0.044	-0.111
112.279	0.697	0.500	0.601	0.455	0.044	-0.112
112.343	0.700	0.500	0.603	0.456	0.044	-0.113
112.423	0.704	0.500	0.606	0.456	0.044	-0.116
112.492	0.707	0.500	0.608	0.457	0.043	-0.118
112.562	0.710	0.500	0.612	0.458	0.043	-0.118
112.632	0.713	0.500	0.614	0.459	0.043	-0.121
112.695	0.716	0.500	0.616	0.459	0.043	-0.122
112.770	0.719	0.500	0.619	0.460	0.042	-0.124
112.836	0.722	0.500	0.622	0.461	0.042	-0.125
112.900	0.725	0.499	0.625	0.462	0.042	-0.126
112.967	0.728	0.499	0.627	0.462	0.042	-0.129
113.035	0.730	0.499	0.630	0.463	0.041	-0.129
113.102	0.733	0.499	0.633	0.464	0.041	-0.131
113.181	0.737	0.498	0.636	0.464	0.041	-0.133
113.249	0.740	0.498	0.639	0.465	0.041	-0.134
113.324	0.743	0.497	0.641	0.466	0.041	-0.137
113.390	0.746	0.497	0.644	0.466	0.040	-0.137
113.462	0.749	0.496	0.646	0.467	0.040	-0.141
113.529	0.751	0.496	0.649	0.467	0.040	-0.142
113.600	0.754	0.495	0.652	0.468	0.040	-0.143
113.663	0.757	0.495	0.655	0.468	0.040	-0.144
113.751	0.760	0.494	0.658	0.469	0.040	-0.146
113.818	0.763	0.493	0.661	0.469	0.039	-0.148
113.886	0.766	0.492	0.663	0.470	0.039	-0.149
113.954	0.769	0.492	0.666	0.470	0.039	-0.151
114.028	0.772	0.491	0.668	0.470	0.039	-0.153
114.094	0.774	0.490	0.671	0.471	0.039	-0.154
114.163	0.777	0.489	0.673	0.471	0.039	-0.156
114.232	0.780	0.488	0.676	0.471	0.039	-0.158
114.297	0.782	0.487	0.678	0.471	0.039	-0.159
114.361	0.785	0.486	0.681	0.472	0.039	-0.159
114.419	0.787	0.486	0.683	0.472	0.038	-0.161
114.489	0.790	0.484	0.685	0.472	0.038	-0.164
114.561	0.792	0.483	0.688	0.472	0.038	-0.164
114.626	0.795	0.482	0.691	0.472	0.038	-0.165
114.700	0.798	0.481	0.693	0.472	0.038	-0.168
114.763	0.800	0.480	0.696	0.472	0.038	-0.168
114.836	0.803	0.479	0.698	0.472	0.038	-0.171
114.903	0.805	0.477	0.701	0.472	0.038	-0.172
114.977	0.808	0.476	0.703	0.472	0.038	-0.173
115.036	0.810	0.475	0.706	0.472	0.038	-0.174
115.100	0.813	0.474	0.708	0.472	0.038	-0.175
115.161	0.815	0.472	0.711	0.472	0.038	-0.175
115.232	0.817	0.471	0.713	0.472	0.038	-0.176
115.292	0.820	0.470	0.715	0.471	0.038	-0.178
115.360	0.822	0.468	0.718	0.471	0.038	-0.180
115.427	0.824	0.467	0.720	0.471	0.038	-0.180
115.491	0.827	0.465	0.723	0.471	0.038	-0.181
115.552	0.829	0.464	0.725	0.471	0.038	-0.182
115.626	0.832	0.462	0.727	0.470	0.038	-0.184
115.693	0.834	0.460	0.730	0.470	0.038	-0.184
115.753	0.836	0.459	0.732	0.470	0.039	-0.187
115.824	0.838	0.457	0.734	0.469	0.039	-0.187
115.898	0.841	0.455	0.737	0.469	0.039	-0.188
115.972	0.843	0.453	0.740	0.468	0.039	-0.188
116.042	0.846	0.451	0.742	0.468	0.039	-0.190
116.116	0.848	0.449	0.745	0.467	0.039	-0.191
116.190	0.851	0.447	0.748	0.466	0.039	-0.190
116.253	0.853	0.445	0.750	0.466	0.039	-0.191
116.318	0.855	0.444	0.752	0.465	0.040	-0.192
116.384	0.857	0.442	0.755	0.465	0.040	-0.193
116.444	0.859	0.440	0.757	0.464	0.040	-0.193
116.505	0.861	0.438	0.759	0.464	0.040	-0.194
116.573	0.863	0.436	0.762	0.463	0.040	-0.194
116.636	0.865	0.434	0.764	0.462	0.040	-0.194
116.708	0.867	0.432	0.766	0.461	0.040	-0.196
116.777	0.869	0.430	0.769	0.460	0.041	-0.196
116.842	0.871	0.427	0.771	0.459	0.041	-0.195
116.904	0.873	0.425	0.774	0.459	0.041	-0.195
116.971	0.875	0.423	0.776	0.458	0.041	-0.195
117.036	0.877	0.421	0.778	0.457	0.041	-0.197
117.107	0.880	0.419	0.781	0.456	0.042	-0.196
117.168	0.881	0.416	0.783	0.455	0.042	-0.197
117.230	0.883	0.414	0.785	0.454	0.042	-0.196
117.296	0.885	0.412	0.788	0.452	0.042	-0.196
117.352	0.887	0.410	0.790	0.452	0.042	-0.196
117.424	0.889	0.407	0.792	0.450	0.043	-0.196
117.491	0.891	0.405	0.794	0.449	0.043	-0.197
117.559	0.893	0.402	0.797	0.448	0.043	-0.197
117.628	0.895	0.400	0.800	0.446	0.043	-0.195
117.698	0.897	0.397	0.802	0.445	0.044	-0.195
117.755	0.898	0.395	0.804	0.444	0.044	-0.195
117.822	0.900	0.392	0.807	0.442	0.044	-0.194
117.886	0.902	0.390	0.809	0.441	0.044	-0.195
117.957	0.904	0.387	0.812	0.439	0.045	-0.193
118.026	0.906	0.384	0.814	0.438	0.045	-0.194
118.092	0.907	0.382	0.816	0.437	0.045	-0.193
118.157	0.909	0.379	0.818	0.435	0.045	-0.192
118.225	0.911	0.376	0.821	0.434	0.046	-0.192
118.295	0.913	0.373	0.823	0.432	0.046	-0.191
118.355	0.914	0.371	0.826	0.430	0.046	-0.189
118.420	0.916	0.368	0.828	0.428	0.047	-0.189
118.484	0.917	0.365	0.830	0.427	0.047	-0.188
118.554	0.919	0.362	0.833	0.425	0.047	-0.186
118.618	0.921	0.359	0.835	0.423	0.047	-0.187
118.679	0.922	0.357	0.837	0.421	0.048	-0.184
118.745	0.924	0.354	0.840	0.419	0.048	-0.183
118.812	0.925	0.351	0.842	0.417	0.048	-0.182
118.880	0.927	0.348	0.844	0.415	0.048	-0.182
118.949	0.929	0.345	0.847	0.413	0.049	-0.179
119.017	0.930	0.341	0.849	0.411	0.049	-0.178
119.086	0.932	0.338	0.852	0.408	0.049	-0.177
119.144	0.933	0.336	0.853	0.407	0.049	-0.177
119.212	0.935	0.332	0.856	0.404	0.050	-0.176
119.278	0.936	0.329	0.858	0.402	0.050	-0.174
119.352	0.938	0.326	0.860	0.400	0.050	-0.172
119.418	0.939	0.323	0.863	0.397	0.051	-0.171
119.489	0.941	0.319	0.865	0.395	0.051	-0.171
119.551	0.942	0.316	0.867	0.393	0.051	-0.169
119.607	0.943	0.314	0.869	0.390	0.051	-0.167
119.679	0.945	0.310	0.871	0.388	0.052	-0.167
119.736	0.946	0.307	0.873	0.385	0.052	-0.164
119.804	0.947	0.304	0.875	0.383	0.052	-0.164
119.871	0.949	0.300	0.877	0.381	0.052	-0.163
119.941	0.950	0.297	0.879	0.378	0.053	-0.161
120.001	0.951	0.294	0.881	0.376	0.053	-0.160
120.062	0.952	0.291	0.883	0.373	0.053	-0.158
120.125	0.953	0.288	0.885	0.370	0.053	-0.156
120.201	0.955	0.284	0.887	0.367	0.054	-0.155
120.266	0.956	0.280	0.889	0.364	0.054	-0.154
120.328	0.957	0.277	0.891	0.362	0.054	-0.153
120.393	0.958	0.274	0.893	0.359	0.054	-0.152
120.459	0.960	0.270	0.895	0.357	0.055	-0.150
120.522	0.961	0.267	0.897	0.353	0.055	-0.148
120.585	0.962	0.263	0.898	0.351	0.055	-0.148
120.653	0.963	0.260	0.900	0.348	0.055	-0.146
120.719	0.964	0.256	0.902	0.345	0.056	-0.144
120.786	0.965	0.253	0.904	0.342	0.056	-0.144
120.850	0.966	0.249	0.905	0.339	0.056	-0.142
120.915	0.967	0.246	0.907	0.336	0.056	-0.140
120.975	0.968	0.242	0.909	0.333	0.057	-0.138
121.052	0.969	0.238	0.911	0.330	0.057	-0.137
121.117	0.970	0.234	0.913	0.326	0.057	-0.134
121.191	0.971	0.230	0.914	0.323	0.057	-0.135
121.254	0.972	0.227	0.916	0.319	0.057	-0.131
121.319	0.973	0.223	0.918	0.316	0.058	-0.130
121.389	0.974	0.219	0.919	0.313	0.058	-0.129
121.458	0.975	0.215	0.921	0.310	0.058	-0.128
121.524	0.976	0.212	0.923	0.306	0.058	-0.126
121.593	0.977	0.208	0.925	0.303	0.058	-0.124
121.658	0.978	0.204	0.926	0.299	0.059	-0.124
121.726	0.979	0.200	0.928	0.296	0.059	-0.122
121.795	0.980	0.196	0.929	0.292	0.059	-0.119
121.850	0.980	0.193	0.931	0.289	0.059	-0.118
121.902	0.981	0.190	0.932	0.287	0.059	-0.117
121.964	0.982	0.186	0.933	0.283	0.059	-0.115
122.029	0.983	0.182	0.934	0.280	0.060	-0.115
122.100	0.983	0.178	0.936	0.276	0.060	-0.113
122.167	0.984	0.174	0.937	0.273	0.060	-0.112
122.230	0.985	0.171	0.939	0.269	0.060	-0.110
122.300	0.986	0.166	0.940	0.265	0.060	-0.109
122.357	0.986	0.163	0.941	0.262	0.060	-0.107
122.421	0.987	0.159	0.943	0.258	0.060	-0.105
122.497	0.988	0.155	0.944	0.254	0.061	-0.104
122.568	0.988	0.150	0.945	0.250	0.061	-0.103
122.626	0.989	0.147	0.946	0.247	0.061	-0.102
122.687	0.989	0.143	0.947	0.244	0.061	-0.101
122.752	0.990	0.139	0.949	0.239	0.061	-0.100
122.827	0.991	0.135	0.950	0.236	0.061	-0.099
122.892	0.991	0.131	0.951	0.231	0.062	-0.098
122.960	0.992	0.127	0.952	0.227	0.062	-0.096
123.024	0.992	0.123	0.953	0.224	0.062	-0.095
123.089	0.993	0.119	0.954	0.220	0.062	-0.094
123.153	0.993	0.115	0.955	0.217	0.062	-0.093
123.221	0.994	0.111	0.956	0.213	0.062	-0.092
123.289	0.994	0.107	0.957	0.209	0.062	-0.092
123.357	0.995	0.103	0.958	0.205	0.062	-0.091
123.432	0.995	0.098	0.959	0.201	0.062	-0.090
123.490	0.996	0.094	0.960	0.196	0.062	-0.088
123.565	0.996	0.090	0.961	0.192	0.062	-0.087
123.628	0.996	0.086	0.962	0.188	0.063	-0.086
123.698	0.997	0.081	0.963	0.184	0.063	-0.085
123.768	0.997	0.077	0.964	0.180	0.063	-0.085
123.835	0.997	0.073	0.965	0.176	0.063	-0.084
123.903	0.998	0.069	0.966	0.172	0.063	-0.083
123.956	0.998	0.065	0.966	0.170	0.063	-0.083
124.034	0.998	0.061	0.967	0.164	0.063	-0.082
124.094	0.998	0.057	0.968	0.161	0.063	-0.081
124.166	0.999	0.052	0.968	0.157	0.063	-0.081
124.227	0.999	0.048	0.969	0.153	0.063	-0.080
124.294	0.999	0.044	0.970	0.148	0.063	-0.079
124.363	0.999	0.040	0.970	0.145	0.063	-0.079
124.436	0.999	0.035	0.971	0.141	0.063	-0.079
124.507	1.000	0.031	0.972	0.136	0.063	-0.077
124.580	1.000	0.026	0.973	0.131	0.063	-0.077
124.645	1.000	0.022	0.973	0.128	0.063	-0.077
124.715	1.000	0.018	0.974	0.123	0.063	-0.076
124.782	1.000	0.014	0.974	0.120	0.063	-0.076
124.845	1.000	0.010	0.975	0.115	0.063	-0.074
124.909	1.000	0.006	0.975	0.111	0.063	-0.074
124.971	1.000	0.002	0.976	0.107	0.063	-0.074
125.042	1.000	-0.003	0.976	0.103	0.063	-0.073
125.096	1.000	-0.006	0.977	0.099	0.063	-0.073
125.164	1.000	-0.010	0.977	0.095	0.063	-0.073
125.236	1.000	-0.015	0.978	0.091	0.063	-0.073
125.303	1.000	-0.019	0.978	0.087	0.063	-0.072
125.369	1.000	-0.023	0.979	0.083	0.063	-0.072
125.427	1.000	-0.027	0.979	0.079	0.063	-0.072
125.495	1.000	-0.031	0.980	0.074	0.063	-0.071
125.568	0.999	-0.036	0.980	0.071	0.063	-0.072
125.633	0.999	-0.040	0.980	0.066	0.063	-0.071
125.695	0.999	-0.044	0.981	0.062	0.063	-0.071
125.766	0.999	-0.048	0.981	0.059	0.063	-0.072
125.834	0.999	-0.052	0.981	0.054	0.063	-0.071
125.897	0.998	-0.056	0.982	0.051	0.063	-0.072
125.964	0.998	-0.060	0.982	0.046	0.063	-0.071
126.031	0.998	-0.065	0.982	0.042	0.063	-0.072
126.110	0.998	-0.070	0.983	0.037	0.063	-0.071
126.169	0.997	-0.073	0.983	0.033	0.063	-0.071
126.233	0.997	-0.077	0.983	0.030	0.063	-0.072
126.297	0.997	-0.081	0.983	0.026	0.063	-0.072
126.363	0.996	-0.085	0.983	0.022	0.063	-0.072
126.431	0.996	-0.089	0.984	0.018	0.063	-0.072
126.500	0.996	-0.094	0.984	0.013	0.062	-0.071
126.566	0.995	-0.098	0.984	0.009	0.062	-0.071
126.634	0.995	-0.102	0.984	0.005	0.062	-0.071
126.704	0.994	-0.106	0.984	0.001	0.062	-0.072
126.774	0.994	-0.111	0.984	-0.003	0.062	-0.072
126.832	0.993	-0.114	0.984	-0.007	0.062	-0.072
126.893	0.993	-0.118	0.984	-0.010	0.062	-0.072
126.960	0.992	-0.122	0.984	-0.015	0.062	-0.071
127.023	0.992	-0.126	0.984	-0.019	0.062	-0.072
127.091	0.991	-0.130	0.984	-0.023	0.062	-0.071
127.156	0.991	-0.134	0.984	-0.027	0.062	-0.071
127.223	0.990	-0.138	0.984	-0.030	0.062	-0.072
127.287	0.990	-0.142	0.984	-0.035	0.061	-0.072
127.357	0.989	-0.146	0.984	-0.038	0.061	-0.072
127.424	0.988	-0.150	0.984	-0.043	0.061	-0.072
127.496	0.988	-0.154	0.984	-0.047	0.061	-0.072
127.570	0.987	-0.159	0.984	-0.052	0.061	-0.073
127.650	0.986	-0.163	0.984	-0.056	0.061	-0.073
127.714	0.985	-0.167	0.984	-0.061	0.061	-0.072
127.793	0.985	-0.172	0.984	-0.065	0.060	-0.073
127.860	0.984	-0.176	0.983	-0.069	0.060	-0.073
127.932	0.983	-0.180	0.983	-0.073	0.060	-0.073
127.998	0.982	-0.184	0.983	-0.077	0.060	-0.073
128.064	0.982	-0.188	0.983	-0.081	0.060	-0.073
128.125	0.981	-0.191	0.982	-0.084	0.060	-0.074
128.195	0.980	-0.195	0.982	-0.089	0.060	-0.073
128.261	0.979	-0.199	0.982	-0.093	0.059	-0.074
128.324	0.978	-0.203	0.981	-0.096	0.059	-0.074
128.394	0.977	-0.207	0.981	-0.100	0.059	-0.074
128.466	0.976	-0.211	0.981	-0.104	0.059	-0.074
128.526	0.976	-0.214	0.980	-0.107	0.059	-0.075
128.591	0.975	-0.218	0.980	-0.111	0.059	-0.075
128.665	0.974	-0.222	0.979	-0.116	0.058	-0.074
128.734	0.973	-0.226	0.979	-0.119	0.058	-0.075
128.783	0.972	-0.229	0.979	-0.122	0.058	-0.075
128.854	0.971	-0.233	0.978	-0.126	0.058	-0.076
128.922	0.970	-0.237	0.978	-0.130	0.058	-0.076
128.989	0.969	-0.240	0.977	-0.134	0.058	-0.076
129.054	0.968	-0.244	0.977	-0.138	0.057	-0.076
129.123	0.967	-0.248	0.976	-0.142	0.057	-0.076
129.194	0.965	-0.251	0.976	-0.145	0.057	-0.077
129.266	0.964	-0.255	0.975	-0.149	0.057	-0.077
129.328	0.963	-0.259	0.975	-0.153	0.057	-0.077
129.394	0.962	-0.262	0.974	-0.156	0.057	-0.078
129.463	0.961	-0.266	0.973	-0.161	0.056	-0.078
129.537	0.960	-0.270	0.973	-0.165	0.056	-0.078
129.599	0.959	-0.273	0.972	-0.168	0.056	-0.078
129.663	0.957	-0.277	0.971	-0.171	0.056	-0.079
129.726	0.956	-0.280	0.971	-0.175	0.055	-0.079
129.795	0.955	-0.283	0.970	-0.178	0.055	-0.080
129.863	0.954	-0.287	0.970	-0.181	0.055	-0.081
129.931	0.952	-0.290	0.969	-0.186	0.055	-0.080
129.994	0.951	-0.294	0.968	-0.188	0.055	-0.082
130.067	0.950	-0.297	0.967	-0.193	0.054	-0.081
130.138	0.948	-0.301	0.966	-0.196	0.054	-0.082
130.205	0.947	-0.304	0.966	-0.200	0.054	-0.082
130.273	0.946	-0.308	0.965	-0.203	0.054	-0.083
130.341	0.944	-0.311	0.964	-0.206	0.054	-0.084
130.410	0.943	-0.314	0.963	-0.210	0.053	-0.084
130.471	0.941	-0.317	0.962	-0.214	0.053	-0.084
130.532	0.940	-0.320	0.962	-0.216	0.053	-0.085
130.595	0.939	-0.323	0.961	-0.219	0.053	-0.086
130.657	0.937	-0.326	0.960	-0.222	0.053	-0.086
130.720	0.936	-0.329	0.959	-0.225	0.052	-0.087
130.785	0.935	-0.332	0.958	-0.229	0.052	-0.087
130.849	0.933	-0.335	0.958	-0.232	0.052	-0.088
130.912	0.932	-0.338	0.957	-0.235	0.052	-0.088
130.982	0.930	-0.341	0.956	-0.239	0.051	-0.088
131.047	0.929	-0.344	0.955	-0.242	0.051	-0.089
131.112	0.927	-0.347	0.954	-0.244	0.051	-0.090
131.178	0.926	-0.350	0.953	-0.248	0.051	-0.090
131.244	0.924	-0.353	0.952	-0.251	0.051	-0.091
131.315	0.922	-0.356	0.951	-0.254	0.050	-0.092
131.386	0.921	-0.360	0.950	-0.257	0.050	-0.093
131.451	0.919	-0.362	0.949	-0.260	0.050	-0.094
131.523	0.917	-0.365	0.948	-0.264	0.050	-0.094
131.583	0.916	-0.368	0.947	-0.266	0.049	-0.095
131.648	0.914	-0.371	0.946	-0.270	0.049	-0.095
131.710	0.912	-0.373	0.945	-0.272	0.049	-0.096
131.772	0.911	-0.376	0.944	-0.275	0.049	-0.097
131.839	0.909	-0.379	0.943	-0.278	0.048	-0.098
131.906	0.907	-0.381	0.942	-0.281	0.048	-0.099
131.976	0.905	-0.384	0.940	-0.284	0.048	-0.100
132.042	0.904	-0.387	0.939	-0.286	0.048	-0.101
132.106	0.902	-0.389	0.938	-0.289	0.048	-0.101
132.171	0.900	-0.392	0.937	-0.292	0.047	-0.102
132.242	0.898	-0.395	0.936	-0.295	0.047	-0.104
132.312	0.896	-0.397	0.935	-0.298	0.047	-0.105
132.378	0.894	-0.400	0.933	-0.300	0.047	-0.105
132.445	0.893	-0.402	0.932	-0.303	0.047	-0.106
132.513	0.891	-0.405	0.931	-0.306	0.046	-0.107
132.579	0.889	-0.407	0.930	-0.309	0.046	-0.107
132.650	0.887	-0.410	0.929	-0.311	0.046	-0.109
132.723	0.885	-0.413	0.927	-0.315	0.046	-0.110
132.796	0.882	-0.415	0.926	-0.318	0.045	-0.110
132.864	0.880	-0.418	0.924	-0.320	0.045	-0.111
132.937	0.878	-0.420	0.923	-0.323	0.045	-0.114
133.000	0.876	-0.422	0.922	-0.325	0.045	-0.114
133.069	0.874	-0.424	0.921	-0.328	0.045	-0.115
133.135	0.872	-0.427	0.919	-0.330	0.044	-0.116
133.202	0.870	-0.429	0.918	-0.333	0.044	-0.117
133.282	0.868	-0.431	0.916	-0.336	0.044	-0.118
133.354	0.865	-0.434	0.915	-0.339	0.044	-0.119
133.417	0.863	-0.436	0.913	-0.341	0.043	-0.120
133.475	0.862	-0.437	0.912	-0.343	0.043	-0.121
133.532	0.860	-0.439	0.911	-0.345	0.043	-0.121
133.600	0.858	-0.441	0.909	-0.348	0.043	-0.122
133.682	0.855	-0.444	0.908	-0.350	0.043	-0.124
133.742	0.853	-0.445	0.907	-0.352	0.043	-0.126
133.819	0.850	-0.447	0.905	-0.355	0.042	-0.126
133.893	0.848	-0.450	0.903	-0.358	0.042	-0.128
133.960	0.846	-0.451	0.901	-0.360	0.042	-0.128
134.027	0.843	-0.453	0.900	-0.362	0.042	-0.131
134.094	0.841	-0.455	0.898	-0.364	0.042	-0.131
134.160	0.839	-0.457	0.897	-0.366	0.042	-0.132
134.226	0.837	-0.458	0.895	-0.369	0.041	-0.133
134.289	0.834	-0.460	0.894	-0.371	0.041	-0.134
134.355	0.832	-0.461	0.892	-0.373	0.041	-0.135
134.424	0.830	-0.463	0.891	-0.375	0.041	-0.137
134.491	0.827	-0.465	0.889	-0.377	0.041	-0.139
134.562	0.825	-0.466	0.887	-0.379	0.041	-0.139
134.622	0.823	-0.468	0.886	-0.381	0.041	-0.140
134.692	0.820	-0.469	0.884	-0.383	0.040	-0.142
134.755	0.818	-0.471	0.883	-0.385	0.040	-0.142
134.829	0.815	-0.472	0.881	-0.387	0.040	-0.144
134.892	0.813	-0.473	0.879	-0.389	0.040	-0.145
134.962	0.810	-0.475	0.878	-0.391	0.040	-0.147
135.037	0.808	-0.476	0.876	-0.393	0.040	-0.148
135.105	0.805	-0.478	0.874	-0.395	0.040	-0.150
135.164	0.803	-0.479	0.872	-0.397	0.040	-0.151
135.224	0.801	-0.480	0.871	-0.398	0.040	-0.151
135.297	0.798	-0.481	0.869	-0.400	0.040	-0.154
135.360	0.796	-0.482	0.867	-0.402	0.040	-0.154
135.430	0.793	-0.483	0.866	-0.404	0.039	-0.156
135.494	0.790	-0.484	0.864	-0.405	0.039	-0.156
135.557	0.788	-0.485	0.862	-0.407	0.039	-0.159
135.615	0.786	-0.486	0.861	-0.408	0.039	-0.160
135.686	0.783	-0.487	0.859	-0.410	0.039	-0.160
135.759	0.780	-0.488	0.857	-0.412	0.039	-0.163
135.824	0.778	-0.489	0.855	-0.413	0.039	-0.164
135.883	0.775	-0.490	0.853	-0.415	0.039	-0.165
135.951	0.772	-0.491	0.852	-0.416	0.039	-0.167
136.016	0.770	-0.491	0.849	-0.418	0.039	-0.167
136.094	0.767	-0.492	0.847	-0.420	0.039	-0.169
136.161	0.764	-0.493	0.845	-0.421	0.039	-0.171
136.221	0.762	-0.494	0.844	-0.423	0.039	-0.171
136.291	0.759	-0.494	0.842	-0.424	0.039	-0.173
136.364	0.756	-0.495	0.839	-0.426	0.039	-0.175
136.439	0.753	-0.496	0.837	-0.427	0.039	-0.175
136.498	0.750	-0.496	0.836	-0.428	0.039	-0.177
136.571	0.747	-0.497	0.833	-0.430	0.039	-0.177
136.644	0.744	-0.497	0.831	-0.431	0.040	-0.179
136.706	0.741	-0.498	0.829	-0.433	0.040	-0.180
136.780	0.738	-0.498	0.827	-0.434	0.040	-0.181
136.841	0.736	-0.498	0.825	-0.436	0.040	-0.181
136.909	0.733	-0.499	0.822	-0.437	0.040	-0.182
136.978	0.730	-0.499	0.820	-0.438	0.040	-0.183
137.034	0.728	-0.499	0.818	-0.439	0.040	-0.183
137.105	0.724	-0.499	0.816	-0.440	0.040	-0.185
137.172	0.722	-0.500	0.814	-0.442	0.040	-0.186
137.238	0.719	-0.500	0.812	-0.443	0.041	-0.187
137.305	0.716	-0.500	0.809	-0.444	0.041	-0.187
137.373	0.713	-0.500	0.807	-0.445	0.041	-0.190
137.439	0.710	-0.500	0.805	-0.446	0.041	-0.190
137.508	0.707	-0.500	0.802	-0.448	0.041	-0.190
137.570	0.704	-0.500	0.800	-0.448	0.041	-0.192
137.629	0.701	-0.500	0.798	-0.449	0.041	-0.193
137.694	0.698	-0.500	0.795	-0.451	0.042	-0.193
137.764	0.695	-0.500	0.793	-0.452	0.042	-0.193
137.828	0.692	-0.500	0.790	-0.453	0.042	-0.193
137.891	0.690	-0.499	0.788	-0.454	0.042	-0.196
137.954	0.687	-0.499	0.786	-0.455	0.042	-0.195
138.014	0.684	-0.499	0.783	-0.456	0.043	-0.195
138.086	0.681	-0.499	0.780	-0.457	0.043	-0.196
138.151	0.678	-0.498	0.778	-0.458	0.043	-0.198
138.216	0.675	-0.498	0.776	-0.459	0.043	-0.199
138.277	0.672	-0.498	0.773	-0.459	0.043	-0.199
138.336	0.669	-0.497	0.770	-0.460	0.044	-0.198
138.395	0.666	-0.497	0.768	-0.461	0.044	-0.199
138.459	0.663	-0.496	0.765	-0.462	0.044	-0.198
138.530	0.660	-0.496	0.763	-0.463	0.044	-0.200
138.594	0.657	-0.495	0.760	-0.463	0.045	-0.201
138.655	0.654	-0.495	0.758	-0.464	0.045	-0.201
138.723	0.651	-0.494	0.755	-0.465	0.045	-0.200
138.791	0.647	-0.493	0.752	-0.466	0.046	-0.200
138.856	0.644	-0.493	0.748	-0.466	0.046	-0.200
138.923	0.641	-0.492	0.746	-0.467	0.046	-0.200
138.983	0.638	-0.491	0.743	-0.467	0.046	-0.201
139.052	0.635	-0.491	0.740	-0.468	0.047	-0.200
139.118	0.632	-0.490	0.737	-0.469	0.047	-0.199
139.186	0.628	-0.489	0.735	-0.469	0.047	-0.201
139.243	0.626	-0.488	0.732	-0.469	0.048	-0.199
139.312	0.622	-0.487	0.728	-0.470	0.048	-0.198
139.376	0.619	-0.486	0.726	-0.470	0.048	-0.199
139.446	0.616	-0.485	0.722	-0.471	0.049	-0.197
139.508	0.613	-0.484	0.720	-0.471	0.049	-0.199
139.572	0.609	-0.483	0.717	-0.471	0.050	-0.198
139.630	0.606	-0.482	0.713	-0.471	0.050	-0.196
139.697	0.603	-0.481	0.710	-0.472	0.050	-0.195
139.764	0.600	-0.480	0.707	-0.472	0.051	-0.194
139.831	0.596	-0.479	0.704	-0.472	0.051	-0.193
139.897	0.593	-0.477	0.700	-0.472	0.051	-0.193
139.964	0.590	-0.476	0.698	-0.472	0.052	-0.193
140.031	0.586	-0.475	0.694	-0.472	0.052	-0.192
140.098	0.583	-0.474	0.690	-0.472	0.052	-0.189
140.168	0.579	-0.472	0.687	-0.472	0.053	-0.189
140.240	0.576	-0.471	0.683	-0.472	0.053	-0.188
140.303	0.572	-0.469	0.680	-0.472	0.054	-0.186
140.367	0.569	-0.468	0.677	-0.472	0.054	-0.186
140.437	0.565	-0.466	0.673	-0.471	0.055	-0.185
140.505	0.562	-0.465	0.669	-0.471	0.055	-0.182
140.576	0.558	-0.463	0.665	-0.471	0.055	-0.180
140.643	0.555	-0.462	0.663	-0.470	0.056	-0.181
140.716	0.551	-0.460	0.658	-0.470	0.056	-0.179
140.781	0.547	-0.458	0.654	-0.469	0.057	-0.177
140.837	0.544	-0.457	0.652	-0.469	0.057	-0.177
140.902	0.541	-0.455	0.648	-0.469	0.057	-0.174
140.963	0.538	-0.453	0.644	-0.468	0.058	-0.173
141.028	0.534	-0.452	0.641	-0.467	0.058	-0.171
141.088	0.531	-0.450	0.637	-0.467	0.058	-0.169
141.157	0.527	-0.448	0.634	-0.466	0.059	-0.169
141.226	0.524	-0.446	0.630	-0.465	0.059	-0.166
141.296	0.520	-0.444	0.626	-0.465	0.060	-0.165
141.363	0.516	-0.442	0.621	-0.463	0.060	-0.162
141.437	0.512	-0.440	0.618	-0.463	0.061	-0.160
141.502	0.509	-0.438	0.614	-0.462	0.061	-0.159
141.572	0.505	-0.436	0.610	-0.461	0.061	-0.157
141.634	0.502	-0.434	0.606	-0.460	0.062	-0.155
141.701	0.498	-0.432	0.603	-0.459	0.062	-0.154
141.767	0.495	-0.430	0.599	-0.457	0.063	-0.151
141.841	0.490	-0.427	0.595	-0.456	0.063	-0.150
141.916	0.486	-0.425	0.591	-0.455	0.064	-0.149
141.980	0.483	-0.423	0.586	-0.454	0.064	-0.146
142.046	0.479	-0.421	0.582	-0.452	0.064	-0.143
142.106	0.476	-0.419	0.578	-0.451	0.065	-0.141
142.174	0.472	-0.416	0.575	-0.450	0.065	-0.141
142.243	0.468	-0.414	0.571	-0.448	0.065	-0.139
142.306	0.465	-0.412	0.567	-0.447	0.066	-0.137
142.369	0.461	-0.409	0.563	-0.445	0.066	-0.134
142.435	0.458	-0.407	0.560	-0.444	0.067	-0.134
142.500	0.454	-0.405	0.556	-0.442	0.067	-0.132
142.569	0.450	-0.402	0.551	-0.440	0.067	-0.128
142.634	0.446	-0.400	0.548	-0.439	0.068	-0.128
142.695	0.443	-0.397	0.543	-0.437	0.068	-0.126
142.758	0.439	-0.395	0.540	-0.436	0.068	-0.124
142.821	0.436	-0.392	0.536	-0.434	0.069	-0.122
142.882	0.432	-0.390	0.532	-0.432	0.069	-0.119
142.948	0.429	-0.387	0.528	-0.431	0.069	-0.118
143.013	0.425	-0.385	0.524	-0.428	0.070	-0.116
143.075	0.422	-0.382	0.521	-0.427	0.070	-0.115
143.145	0.418	-0.379	0.516	-0.425	0.071	-0.113
143.209	0.414	-0.377	0.512	-0.423	0.071	-0.111
143.278	0.410	-0.374	0.508	-0.420	0.071	-0.109
143.346	0.406	-0.371	0.504	-0.419	0.072	-0.108
143.414	0.402	-0.368	0.500	-0.416	0.072	-0.105
143.479	0.398	-0.365	0.495	-0.414	0.072	-0.103
143.548	0.394	-0.362	0.492	-0.412	0.073	-0.102
143.615	0.391	-0.360	0.487	-0.410	0.073	-0.100
143.684	0.387	-0.356	0.483	-0.407	0.073	-0.097
143.746	0.383	-0.354	0.479	-0.405	0.074	-0.096
143.804	0.380	-0.351	0.476	-0.403	0.074	-0.096
143.872	0.376	-0.348	0.471	-0.400	0.074	-0.092
143.938	0.372	-0.345	0.468	-0.398	0.075	-0.092
144.006	0.368	-0.342	0.463	-0.396	0.075	-0.090
144.073	0.364	-0.339	0.458	-0.393	0.075	-0.088
144.139	0.360	-0.336	0.455	-0.390	0.076	-0.086
144.200	0.356	-0.333	0.450	-0.388	0.076	-0.084
144.268	0.352	-0.330	0.446	-0.385	0.076	-0.082
144.337	0.348	-0.327	0.442	-0.382	0.077	-0.081
144.403	0.344	-0.323	0.438	-0.380	0.077	-0.080
144.470	0.341	-0.320	0.434	-0.377	0.077	-0.078
144.541	0.336	-0.317	0.429	-0.374	0.078	-0.076
144.605	0.333	-0.314	0.425	-0.371	0.078	-0.075
144.670	0.329	-0.310	0.422	-0.369	0.078	-0.074
144.730	0.325	-0.307	0.417	-0.366	0.078	-0.072
144.797	0.321	-0.304	0.413	-0.363	0.079	-0.070
144.863	0.317	-0.301	0.408	-0.359	0.079	-0.068
144.936	0.313	-0.297	0.405	-0.357	0.079	-0.068
144.999	0.309	-0.294	0.400	-0.354	0.079	-0.066
145.062	0.305	-0.291	0.396	-0.351	0.080	-0.065
145.127	0.301	-0.287	0.393	-0.348	0.080	-0.064
145.188	0.298	-0.284	0.389	-0.346	0.080	-0.063
145.253	0.294	-0.281	0.385	-0.343	0.081	-0.061
145.329	0.289	-0.277	0.379	-0.338	0.081	-0.059
145.398	0.285	-0.273	0.375	-0.336	0.081	-0.058
145.461	0.281	-0.270	0.372	-0.333	0.082	-0.058
145.523	0.278	-0.267	0.367	-0.330	0.082	-0.056
145.589	0.274	-0.263	0.364	-0.327	0.082	-0.056
145.651	0.270	-0.260	0.360	-0.324	0.082	-0.055
145.718	0.266	-0.256	0.355	-0.320	0.082	-0.053
145.783	0.262	-0.253	0.351	-0.317	0.083	-0.052
145.848	0.258	-0.249	0.348	-0.314	0.083	-0.052
145.912	0.254	-0.246	0.344	-0.311	0.083	-0.051
145.982	0.250	-0.242	0.338	-0.307	0.083	-0.050
146.044	0.246	-0.238	0.334	-0.303	0.083	-0.049
146.108	0.242	-0.235	0.331	-0.301	0.084	-0.048
146.179	0.238	-0.231	0.326	-0.297	0.084	-0.047
146.253	0.233	-0.227	0.322	-0.294	0.084	-0.047
146.321	0.229	-0.223	0.317	-0.289	0.084	-0.045
146.388	0.225	-0.219	0.313	-0.286	0.085	-0.044
146.456	0.221	-0.215	0.309	-0.283	0.085	-0.044
146.524	0.217	-0.212	0.304	-0.279	0.085	-0.043
146.586	0.213	-0.208	0.300	-0.275	0.085	-0.042
146.655	0.209	-0.204	0.297	-0.272	0.086	-0.041
146.724	0.204	-0.200	0.292	-0.268	0.086	-0.040
146.784	0.201	-0.197	0.288	-0.265	0.086	-0.039
146.842	0.197	-0.193	0.285	-0.262	0.086	-0.039
146.898	0.194	-0.190	0.280	-0.258	0.086	-0.037
146.961	0.190	-0.186	0.277	-0.255	0.086	-0.037
147.024	0.186	-0.183	0.273	-0.252	0.087	-0.036
147.080	0.182	-0.179	0.270	-0.249	0.087	-0.035
147.142	0.179	-0.176	0.266	-0.246	0.087	-0.035
147.192	0.176	-0.173	0.262	-0.242	0.087	-0.033
147.258	0.171	-0.169	0.258	-0.238	0.087	-0.032
147.314	0.168	-0.166	0.254	-0.235	0.087	-0.031
147.384	0.164	-0.161	0.250	-0.231	0.087	-0.030
147.451	0.159	-0.157	0.247	-0.229	0.088	-0.030
147.515	0.156	-0.154	0.241	-0.223	0.088	-0.028
147.583	0.151	-0.150	0.238	-0.220	0.088	-0.028
147.653	0.147	-0.145	0.233	-0.216	0.088	-0.027
147.719	0.143	-0.141	0.228	-0.212	0.088	-0.026
147.786	0.139	-0.137	0.224	-0.208	0.088	-0.025
147.854	0.134	-0.133	0.221	-0.205	0.089	-0.025
147.925	0.130	-0.129	0.216	-0.200	0.089	-0.024
148.002	0.125	-0.124	0.210	-0.195	0.089	-0.022
148.068	0.121	-0.120	0.206	-0.191	0.089	-0.022
148.134	0.117	-0.116	0.202	-0.188	0.089	-0.021
148.203	0.113	-0.112	0.198	-0.183	0.089	-0.021
148.282	0.108	-0.107	0.193	-0.179	0.089	-0.020
148.342	0.104	-0.103	0.190	-0.176	0.089	-0.019
148.409	0.100	-0.099	0.185	-0.172	0.089	-0.018
148.475	0.096	-0.095	0.180	-0.167	0.089	-0.017
148.545	0.091	-0.091	0.176	-0.163	0.090	-0.017
148.614	0.087	-0.087	0.172	-0.159	0.090	-0.016
148.681	0.083	-0.082	0.167	-0.155	0.090	-0.016
148.750	0.078	-0.078	0.164	-0.151	0.090	-0.015
148.815	0.074	-0.074	0.159	-0.147	0.090	-0.015
148.877	0.071	-0.070	0.155	-0.143	0.090	-0.014
148.944	0.066	-0.066	0.151	-0.139	0.090	-0.014
149.017	0.062	-0.062	0.146	-0.135	0.090	-0.013
149.076	0.058	-0.058	0.142	-0.131	0.090	-0.013
149.147	0.054	-0.053	0.138	-0.127	0.090	-0.012
149.215	0.049	-0.049	0.134	-0.123	0.090	-0.012
149.283	0.045	-0.045	0.130	-0.118	0.090	-0.012
149.346	0.041	-0.041	0.125	-0.114	0.090	-0.011
149.413	0.037	-0.037	0.122	-0.111	0.091	-0.011
149.474	0.033	-0.033	0.118	-0.107	0.091	-0.011
149.539	0.029	-0.029	0.114	-0.103	0.091	-0.010
149.605	0.025	-0.025	0.109	-0.099	0.091	-0.010
149.675	0.020	-0.020	0.105	-0.095	0.091	-0.009
149.735	0.017	-0.017	0.101	-0.091	0.091	-0.009
149.799	0.013	-0.013	0.098	-0.087	0.091	-0.009
149.867	0.008	-0.008	0.093	-0.082	0.091	-0.008
149.933	0.004	-0.004	0.088	-0.078	0.091	-0.008
150.001	-0.000	0.000	0.084	-0.074	0.091	-0.007
150.075	-0.005	0.005	0.080	-0.070	0.091	-0.007
150.135	-0.008	0.008	0.076	-0.066	0.091	-0.006
150.204	-0.013	0.013	0.071	-0.061	0.091	-0.006
150.277	-0.017	0.017	0.067	-0.057	0.091	-0.005
150.338	-0.021	0.021	0.063	-0.053	0.091	-0.004
150.407	-0.026	0.026	0.059	-0.049	0.091	-0.004
150.472	-0.030	0.030	0.054	-0.044	0.091	-0.003
150.531	-0.033	0.033	0.052	-0.042	0.091	-0.003
150.600	-0.038	0.038	0.047	-0.037	0.091	-0.002
150.674	-0.042	0.042	0.042	-0.033	0.091	-0.001
150.738	-0.046	0.046	0.039	-0.029	0.091	-0.001
150.804	-0.050	0.050	0.034	-0.024	0.090	-0.000
150.868	-0.055	0.054	0.030	-0.020	0.090	0.000
150.938	-0.059	0.059	0.025	-0.015	0.090	0.001
151.004	-0.063	0.063	0.021	-0.011	0.090	0.002
151.066	-0.067	0.067	0.017	-0.007	0.090	0.002
151.133	-0.071	0.071	0.014	-0.004	0.090	0.002
151.202	-0.075	0.075	0.010	0.000	0.090	0.003
151.268	-0.080	0.079	0.005	0.005	0.090	0.004
151.330	-0.083	0.083	0.001	0.009	0.090	0.004
151.397	-0.088	0.087	-0.004	0.013	0.090	0.005
151.465	-0.092	0.092	-0.007	0.016	0.090	0.005
151.532	-0.096	0.096	-0.011	0.021	0.090	0.006
151.594	-0.100	0.099	-0.016	0.025	0.090	0.006
151.657	-0.104	0.103	-0.019	0.029	0.089	0.007
151.725	-0.108	0.108	-0.023	0.033	0.089	0.007
151.781	-0.112	0.111	-0.027	0.036	0.089	0.008
151.849	-0.116	0.115	-0.031	0.041	0.089	0.008
151.912	-0.120	0.119	-0.034	0.044	0.089	0.008
151.978	-0.124	0.123	-0.039	0.049	0.089	0.009
152.039	-0.128	0.127	-0.043	0.053	0.089	0.009
152.099	-0.132	0.130	-0.047	0.056	0.089	0.010
152.165	-0.136	0.134	-0.051	0.060	0.089	0.010
152.223	-0.139	0.138	-0.054	0.063	0.089	0.010
152.286	-0.143	0.142	-0.058	0.067	0.089	0.011
152.346	-0.147	0.145	-0.062	0.071	0.088	0.011
152.414	-0.151	0.149	-0.066	0.075	0.088	0.011
152.481	-0.155	0.153	-0.070	0.079	0.088	0.011
152.540	-0.159	0.157	-0.073	0.083	0.088	0.012
152.608	-0.163	0.161	-0.078	0.087	0.088	0.012
152.678	-0.167	0.165	-0.082	0.091	0.088	0.012
152.744	-0.172	0.169	-0.086	0.095	0.088	0.012
152.813	-0.176	0.173	-0.090	0.099	0.087	0.013
152.873	-0.180	0.177	-0.093	0.102	0.087	0.013
152.939	-0.184	0.180	-0.098	0.107	0.087	0.013
153.006	-0.188	0.184	-0.101	0.110	0.087	0.013
153.070	-0.192	0.188	-0.105	0.114	0.087	0.014
153.136	-0.196	0.192	-0.109	0.118	0.087	0.014
153.200	-0.200	0.196	-0.113	0.122	0.087	0.014
153.266	-0.204	0.199	-0.117	0.126	0.086	0.015
153.331	-0.208	0.203	-0.121	0.130	0.086	0.015
153.397	-0.212	0.207	-0.125	0.133	0.086	0.015
153.455	-0.215	0.210	-0.129	0.137	0.086	0.016
153.527	-0.220	0.214	-0.134	0.141	0.086	0.016
153.585	-0.223	0.218	-0.137	0.145	0.085	0.017
153.642	-0.227	0.221	-0.140	0.148	0.085	0.017
153.710	-0.231	0.225	-0.144	0.152	0.085	0.018
153.781	-0.235	0.229	-0.149	0.156	0.085	0.019
153.858	-0.240	0.233	-0.152	0.160	0.085	0.019
153.917	-0.244	0.236	-0.157	0.164	0.084	0.020
153.983	-0.248	0.240	-0.161	0.167	0.084	0.020
154.051	-0.252	0.244	-0.164	0.171	0.084	0.021
154.116	-0.256	0.247	-0.168	0.174	0.084	0.022
154.173	-0.259	0.250	-0.171	0.177	0.084	0.022
154.234	-0.263	0.254	-0.175	0.181	0.083	0.023
154.292	-0.266	0.257	-0.179	0.185	0.083	0.023
154.361	-0.271	0.260	-0.183	0.189	0.083	0.024
154.424	-0.274	0.264	-0.186	0.191	0.083	0.024
154.488	-0.278	0.267	-0.190	0.195	0.082	0.025
154.554	-0.282	0.271	-0.194	0.199	0.082	0.025
154.622	-0.286	0.274	-0.198	0.202	0.082	0.026
154.689	-0.290	0.278	-0.202	0.206	0.082	0.026
154.752	-0.294	0.281	-0.206	0.210	0.081	0.027
154.813	-0.298	0.284	-0.209	0.213	0.081	0.027
154.878	-0.302	0.288	-0.214	0.217	0.081	0.028
154.945	-0.306	0.291	-0.216	0.220	0.081	0.029
155.013	-0.310	0.295	-0.220	0.223	0.081	0.029
155.076	-0.314	0.298	-0.224	0.227	0.080	0.030
155.148	-0.318	0.301	-0.229	0.231	0.080	0.030
155.221	-0.322	0.305	-0.232	0.234	0.080	0.031
155.293	-0.326	0.309	-0.237	0.238	0.079	0.031
155.353	-0.330	0.312	-0.241	0.242	0.079	0.032
155.419	-0.334	0.315	-0.244	0.245	0.079	0.032
155.488	-0.338	0.318	-0.248	0.248	0.078	0.033
155.554	-0.342	0.321	-0.252	0.252	0.078	0.033
155.618	-0.346	0.324	-0.256	0.255	0.078	0.034
155.690	-0.350	0.328	-0.260	0.258	0.078	0.035
155.752	-0.354	0.331	-0.263	0.261	0.077	0.035
155.826	-0.358	0.334	-0.267	0.265	0.077	0.035
155.887	-0.362	0.337	-0.271	0.268	0.077	0.035
155.954	-0.365	0.340	-0.275	0.272	0.076	0.036
156.022	-0.369	0.343	-0.279	0.275	0.076	0.036
156.098	-0.374	0.347	-0.283	0.278	0.076	0.037
156.162	-0.378	0.350	-0.286	0.282	0.075	0.037
156.230	-0.382	0.353	-0.290	0.285	0.075	0.037
156.298	-0.385	0.356	-0.293	0.288	0.075	0.038
156.364	-0.389	0.359	-0.297	0.291	0.075	0.038
156.430	-0.393	0.361	-0.301	0.294	0.074	0.039
156.495	-0.397	0.364	-0.304	0.297	0.074	0.039
156.564	-0.401	0.367	-0.309	0.300	0.074	0.039
156.629	-0.405	0.370	-0.312	0.303	0.073	0.040
156.698	-0.409	0.373	-0.316	0.307	0.073	0.040
156.773	-0.413	0.376	-0.320	0.310	0.073	0.041
156.848	-0.417	0.379	-0.324	0.313	0.072	0.042
156.915	-0.421	0.382	-0.328	0.316	0.072	0.042
156.975	-0.424	0.384	-0.331	0.318	0.072	0.043
157.050	-0.429	0.387	-0.335	0.322	0.071	0.043
157.115	-0.432	0.390	-0.339	0.325	0.071	0.044
157.184	-0.436	0.393	-0.342	0.327	0.071	0.045
157.245	-0.440	0.395	-0.346	0.331	0.070	0.045
157.331	-0.445	0.398	-0.350	0.333	0.070	0.047
157.398	-0.448	0.401	-0.354	0.337	0.070	0.047
157.462	-0.452	0.403	-0.357	0.339	0.069	0.048
157.531	-0.456	0.406	-0.360	0.342	0.069	0.049
157.600	-0.460	0.408	-0.365	0.345	0.068	0.049
157.672	-0.464	0.411	-0.368	0.347	0.068	0.051
157.735	-0.467	0.413	-0.371	0.350	0.068	0.051
157.795	-0.470	0.415	-0.375	0.352	0.068	0.052
157.860	-0.474	0.417	-0.379	0.355	0.067	0.052
157.934	-0.478	0.420	-0.382	0.358	0.067	0.053
158.000	-0.482	0.422	-0.386	0.360	0.067	0.054
158.061	-0.485	0.424	-0.389	0.363	0.066	0.055
158.124	-0.489	0.426	-0.392	0.365	0.066	0.056
158.186	-0.492	0.428	-0.396	0.368	0.065	0.056
158.253	-0.496	0.430	-0.398	0.369	0.065	0.058
158.323	-0.499	0.433	-0.403	0.373	0.065	0.058
158.389	-0.503	0.435	-0.406	0.375	0.064	0.059
158.449	-0.506	0.437	-0.409	0.377	0.064	0.059
158.520	-0.510	0.439	-0.412	0.379	0.064	0.061
158.589	-0.514	0.441	-0.416	0.382	0.063	0.061
158.653	-0.517	0.443	-0.419	0.384	0.063	0.062
158.722	-0.521	0.445	-0.423	0.386	0.063	0.063
158.790	-0.525	0.447	-0.426	0.389	0.062	0.064
158.852	-0.528	0.448	-0.429	0.391	0.062	0.064
158.924	-0.532	0.450	-0.433	0.393	0.062	0.065
158.995	-0.536	0.452	-0.436	0.395	0.061	0.067
159.066	-0.539	0.454	-0.439	0.398	0.061	0.068
159.133	-0.543	0.456	-0.443	0.400	0.061	0.068
159.205	-0.547	0.458	-0.447	0.402	0.060	0.069
159.272	-0.550	0.459	-0.450	0.404	0.060	0.070
159.339	-0.554	0.461	-0.453	0.406	0.060	0.071
159.402	-0.557	0.463	-0.456	0.408	0.059	0.072
159.470	-0.561	0.464	-0.459	0.410	0.059	0.073
159.535	-0.564	0.466	-0.463	0.412	0.058	0.073
159.604	-0.567	0.467	-0.466	0.414	0.058	0.075
159.670	-0.571	0.469	-0.469	0.416	0.058	0.076
159.738	-0.574	0.470	-0.473	0.418	0.057	0.076
159.799	-0.578	0.471	-0.475	0.419	0.057	0.078
159.866	-0.581	0.473	-0.479	0.421	0.057	0.078
159.925	-0.584	0.474	-0.482	0.423	0.056	0.079
159.989	-0.587	0.475	-0.484	0.425	0.056	0.081
160.056	-0.591	0.477	-0.488	0.427	0.056	0.081
160.120	-0.594	0.478	-0.491	0.428	0.055	0.081
160.185	-0.597	0.479	-0.494	0.430	0.055	0.082
160.254	-0.601	0.480	-0.497	0.432	0.055	0.083
160.318	-0.604	0.481	-0.500	0.433	0.054	0.084
160.384	-0.607	0.482	-0.503	0.435	0.054	0.086
160.451	-0.610	0.484	-0.506	0.436	0.054	0.086
160.513	-0.614	0.484	-0.509	0.438	0.053	0.087
160.577	-0.617	0.485	-0.512	0.439	0.053	0.088
160.636	-0.620	0.486	-0.515	0.441	0.053	0.090
160.701	-0.623	0.487	-0.517	0.442	0.053	0.091
160.765	-0.626	0.488	-0.521	0.444	0.052	0.091
160.840	-0.630	0.489	-0.524	0.445	0.052	0.092
160.909	-0.633	0.490	-0.527	0.447	0.052	0.093
160.971	-0.636	0.491	-0.530	0.448	0.051	0.094
161.037	-0.639	0.492	-0.533	0.449	0.051	0.096
161.106	-0.643	0.492	-0.536	0.451	0.051	0.096
161.178	-0.646	0.493	-0.539	0.452	0.050	0.098
161.237	-0.649	0.494	-0.541	0.453	0.050	0.099
161.297	-0.652	0.494	-0.544	0.454	0.050	0.100
161.359	-0.655	0.495	-0.547	0.456	0.050	0.101
161.435	-0.658	0.496	-0.551	0.457	0.049	0.102
161.494	-0.661	0.496	-0.553	0.458	0.049	0.104
161.553	-0.664	0.496	-0.556	0.459	0.049	0.104
161.624	-0.667	0.497	-0.559	0.460	0.048	0.105
161.685	-0.670	0.497	-0.561	0.461	0.048	0.107
161.755	-0.673	0.498	-0.565	0.462	0.048	0.107
161.804	-0.676	0.498	-0.567	0.463	0.048	0.108
161.868	-0.678	0.498	-0.569	0.464	0.047	0.111
161.926	-0.681	0.499	-0.571	0.465	0.047	0.111
161.978	-0.684	0.499	-0.574	0.466	0.047	0.112
162.046	-0.687	0.499	-0.577	0.467	0.047	0.113
162.121	-0.690	0.499	-0.580	0.468	0.046	0.115
162.181	-0.693	0.500	-0.583	0.469	0.046	0.116
162.239	-0.695	0.500	-0.585	0.470	0.046	0.116
162.302	-0.698	0.500	-0.587	0.470	0.046	0.119
162.364	-0.701	0.500	-0.590	0.471	0.045	0.120
162.438	-0.704	0.500	-0.593	0.472	0.045	0.121
162.502	-0.707	0.500	-0.596	0.473	0.045	0.122
162.565	-0.710	0.500	-0.599	0.474	0.045	0.124
162.638	-0.713	0.500	-0.602	0.475	0.044	0.125
162.701	-0.716	0.500	-0.604	0.475	0.044	0.128
162.771	-0.719	0.500	-0.607	0.476	0.044	0.129
162.828	-0.722	0.500	-0.610	0.477	0.044	0.129
162.891	-0.724	0.499	-0.612	0.478	0.044	0.131
162.957	-0.727	0.499	-0.615	0.479	0.043	0.132
163.019	-0.730	0.499	-0.617	0.479	0.043	0.135
163.083	-0.733	0.499	-0.620	0.480	0.043	0.136
163.145	-0.735	0.498	-0.622	0.481	0.043	0.138
163.199	-0.737	0.498	-0.624	0.481	0.043	0.139
163.264	-0.740	0.498	-0.627	0.482	0.043	0.141
163.324	-0.743	0.497	-0.630	0.482	0.042	0.141
163.396	-0.746	0.497	-0.632	0.483	0.042	0.143
163.454	-0.748	0.496	-0.635	0.483	0.042	0.144
163.526	-0.751	0.496	-0.638	0.484	0.042	0.146
163.591	-0.754	0.495	-0.640	0.485	0.042	0.147
163.656	-0.757	0.495	-0.643	0.485	0.042	0.149
163.714	-0.759	0.494	-0.645	0.486	0.042	0.150
163.785	-0.762	0.493	-0.648	0.486	0.042	0.152
163.857	-0.765	0.493	-0.650	0.486	0.041	0.154
163.921	-0.767	0.492	-0.653	0.487	0.041	0.155
163.974	-0.769	0.491	-0.655	0.487	0.041	0.157
164.034	-0.772	0.491	-0.658	0.487	0.041	0.156
164.097	-0.774	0.490	-0.661	0.488	0.041	0.158
164.178	-0.778	0.489	-0.663	0.488	0.041	0.161
164.245	-0.780	0.488	-0.666	0.488	0.041	0.161
164.310	-0.783	0.487	-0.668	0.489	0.041	0.163
164.378	-0.785	0.486	-0.671	0.489	0.041	0.165
164.436	-0.788	0.485	-0.673	0.489	0.041	0.165
164.507	-0.790	0.484	-0.676	0.489	0.041	0.167
164.573	-0.793	0.483	-0.679	0.489	0.041	0.168
164.631	-0.795	0.482	-0.681	0.489	0.040	0.168
164.703	-0.798	0.481	-0.684	0.490	0.040	0.170
164.766	-0.800	0.480	-0.686	0.490	0.040	0.172
164.827	-0.803	0.479	-0.688	0.490	0.040	0.172
164.891	-0.805	0.478	-0.691	0.490	0.040	0.173
164.960	-0.808	0.476	-0.694	0.490	0.040	0.175
165.030	-0.810	0.475	-0.696	0.490	0.040	0.177
165.097	-0.813	0.474	-0.699	0.490	0.040	0.178
165.153	-0.815	0.472	-0.701	0.490	0.040	0.178
165.219	-0.817	0.471	-0.704	0.489	0.041	0.179
165.288	-0.820	0.470	-0.707	0.489	0.041	0.179
165.350	-0.822	0.468	-0.709	0.489	0.041	0.181
165.421	-0.824	0.467	-0.711	0.489	0.041	0.182
165.491	-0.827	0.465	-0.714	0.489	0.041	0.183
165.553	-0.829	0.464	-0.717	0.488	0.041	0.184
165.620	-0.831	0.462	-0.719	0.488	0.041	0.185
165.675	-0.833	0.461	-0.721	0.488	0.041	0.185
165.746	-0.836	0.459	-0.724	0.487	0.041	0.185
165.811	-0.838	0.457	-0.727	0.487	0.041	0.185
165.889	-0.841	0.455	-0.730	0.487	0.041	0.187
165.956	-0.843	0.454	-0.732	0.486	0.041	0.188
166.018	-0.845	0.452	-0.734	0.486	0.041	0.190
166.090	-0.847	0.450	-0.737	0.485	0.042	0.189
166.150	-0.849	0.448	-0.740	0.485	0.042	0.190
166.220	-0.852	0.446	-0.742	0.484	0.042	0.191
166.291	-0.854	0.444	-0.745	0.484	0.042	0.192
166.345	-0.856	0.443	-0.747	0.483	0.042	0.191
166.417	-0.858	0.441	-0.750	0.482	0.042	0.192
166.490	-0.860	0.438	-0.752	0.481	0.042	0.193
166.546	-0.862	0.437	-0.755	0.481	0.043	0.192
166.610	-0.864	0.435	-0.757	0.480	0.043	0.194
166.666	-0.866	0.433	-0.759	0.479	0.043	0.194
166.734	-0.868	0.431	-0.762	0.479	0.043	0.194
166.785	-0.870	0.429	-0.764	0.478	0.043	0.194
166.845	-0.872	0.427	-0.766	0.477	0.043	0.195
166.909	-0.874	0.425	-0.769	0.476	0.044	0.194
166.978	-0.876	0.423	-0.771	0.475	0.044	0.194
167.037	-0.877	0.421	-0.774	0.474	0.044	0.194
167.098	-0.879	0.419	-0.776	0.473	0.044	0.194
167.160	-0.881	0.417	-0.778	0.472	0.044	0.195
167.226	-0.883	0.414	-0.780	0.471	0.045	0.195
167.277	-0.885	0.413	-0.783	0.470	0.045	0.194
167.332	-0.886	0.411	-0.784	0.470	0.045	0.195
167.393	-0.888	0.408	-0.787	0.468	0.045	0.194
167.461	-0.890	0.406	-0.789	0.467	0.045	0.194
167.526	-0.892	0.404	-0.792	0.466	0.046	0.193
167.591	-0.894	0.401	-0.794	0.465	0.046	0.194
167.660	-0.896	0.399	-0.797	0.463	0.046	0.192
167.715	-0.897	0.396	-0.799	0.462	0.046	0.193
167.781	-0.899	0.394	-0.802	0.460	0.046	0.191
167.864	-0.901	0.391	-0.805	0.459	0.047	0.192
167.929	-0.903	0.388	-0.807	0.457	0.047	0.190
167.990	-0.905	0.386	-0.810	0.455	0.047	0.188
168.059	-0.906	0.383	-0.812	0.454	0.048	0.190
168.130	-0.908	0.380	-0.815	0.452	0.048	0.187
168.199	-0.910	0.377	-0.818	0.450	0.048	0.186
168.264	-0.912	0.374	-0.820	0.449	0.048	0.187
168.327	-0.913	0.372	-0.822	0.447	0.049	0.186
168.388	-0.915	0.369	-0.825	0.446	0.049	0.185
168.453	-0.917	0.366	-0.827	0.444	0.049	0.183
168.519	-0.918	0.364	-0.829	0.442	0.049	0.184
168.585	-0.920	0.361	-0.832	0.440	0.050	0.181
168.644	-0.921	0.358	-0.834	0.438	0.050	0.181
168.719	-0.923	0.355	-0.837	0.436	0.050	0.179
168.775	-0.924	0.352	-0.839	0.434	0.050	0.178
168.830	-0.926	0.350	-0.842	0.432	0.050	0.177
168.901	-0.927	0.347	-0.844	0.430	0.051	0.178
168.967	-0.929	0.344	-0.846	0.428	0.051	0.175
169.025	-0.930	0.341	-0.848	0.427	0.051	0.176
169.092	-0.932	0.338	-0.850	0.424	0.052	0.174
169.163	-0.933	0.335	-0.853	0.422	0.052	0.173
169.231	-0.935	0.332	-0.855	0.420	0.052	0.172
169.301	-0.937	0.328	-0.858	0.417	0.052	0.170
169.360	-0.938	0.325	-0.860	0.415	0.053	0.170
169.435	-0.939	0.322	-0.862	0.412	0.053	0.168
169.498	-0.941	0.319	-0.864	0.410	0.053	0.167
169.562	-0.942	0.316	-0.867	0.407	0.053	0.164
169.622	-0.943	0.313	-0.869	0.405	0.054	0.164
169.688	-0.945	0.310	-0.871	0.403	0.054	0.163
169.745	-0.946	0.307	-0.873	0.400	0.054	0.161
169.807	-0.947	0.304	-0.875	0.399	0.054	0.162
169.875	-0.949	0.300	-0.878	0.395	0.055	0.159
169.948	-0.950	0.297	-0.879	0.393	0.055	0.159
170.019	-0.951	0.293	-0.882	0.389	0.055	0.156
170.089	-0.953	0.289	-0.885	0.386	0.055	0.154
170.153	-0.954	0.286	-0.886	0.384	0.056	0.155
170.229	-0.955	0.282	-0.889	0.381	0.056	0.153
170.300	-0.957	0.278	-0.891	0.378	0.056	0.152
170.355	-0.958	0.276	-0.892	0.376	0.056	0.151
170.418	-0.959	0.272	-0.894	0.372	0.057	0.149
170.486	-0.960	0.269	-0.897	0.369	0.057	0.147
170.548	-0.961	0.265	-0.898	0.367	0.057	0.146
170.617	-0.962	0.262	-0.900	0.364	0.057	0.145
170.666	-0.963	0.259	-0.902	0.361	0.057	0.143
170.725	-0.964	0.256	-0.904	0.358	0.058	0.143
170.794	-0.965	0.252	-0.906	0.355	0.058	0.141
170.878	-0.967	0.248	-0.908	0.352	0.058	0.140
170.938	-0.968	0.244	-0.910	0.349	0.058	0.138
171.010	-0.969	0.240	-0.912	0.345	0.059	0.136
171.080	-0.970	0.236	-0.914	0.342	0.059	0.135
171.136	-0.971	0.233	-0.915	0.339	0.059	0.134
171.203	-0.972	0.230	-0.918	0.335	0.059	0.133
171.275	-0.973	0.226	-0.919	0.332	0.059	0.131
171.339	-0.974	0.222	-0.921	0.328	0.059	0.128
171.407	-0.975	0.218	-0.923	0.325	0.060	0.128
171.475	-0.976	0.214	-0.925	0.321	0.060	0.127
171.535	-0.976	0.211	-0.926	0.318	0.060	0.125
171.600	-0.977	0.207	-0.928	0.315	0.060	0.125
171.664	-0.978	0.204	-0.929	0.312	0.060	0.123
171.739	-0.979	0.199	-0.931	0.308	0.061	0.122
171.804	-0.980	0.195	-0.933	0.304	0.061	0.120
171.871	-0.981	0.192	-0.935	0.300	0.061	0.119
171.940	-0.982	0.188	-0.936	0.297	0.061	0.118
172.013	-0.982	0.183	-0.938	0.293	0.061	0.117
172.082	-0.983	0.179	-0.940	0.289	0.061	0.114
172.150	-0.984	0.175	-0.941	0.286	0.062	0.114
172.216	-0.985	0.171	-0.942	0.282	0.062	0.113
172.283	-0.985	0.167	-0.944	0.279	0.062	0.112
172.349	-0.986	0.164	-0.946	0.274	0.062	0.110
172.420	-0.987	0.159	-0.947	0.271	0.062	0.110
172.489	-0.988	0.155	-0.948	0.266	0.062	0.107
172.564	-0.988	0.151	-0.950	0.262	0.062	0.106
172.633	-0.989	0.147	-0.951	0.259	0.063	0.106
172.700	-0.990	0.143	-0.952	0.255	0.063	0.105
172.761	-0.990	0.139	-0.954	0.251	0.063	0.103
172.830	-0.991	0.135	-0.955	0.247	0.063	0.103
172.889	-0.991	0.131	-0.956	0.244	0.063	0.102
172.957	-0.992	0.127	-0.958	0.239	0.063	0.100
173.024	-0.992	0.123	-0.959	0.236	0.063	0.100
173.105	-0.993	0.118	-0.960	0.231	0.063	0.098
173.167	-0.993	0.114	-0.961	0.227	0.063	0.097
173.231	-0.994	0.110	-0.962	0.223	0.063	0.096
173.301	-0.994	0.106	-0.964	0.219	0.064	0.096
173.367	-0.995	0.102	-0.965	0.215	0.064	0.095
173.434	-0.995	0.098	-0.966	0.211	0.064	0.094
173.500	-0.996	0.094	-0.967	0.207	0.064	0.093
173.568	-0.996	0.089	-0.968	0.203	0.064	0.092
173.643	-0.996	0.085	-0.969	0.199	0.064	0.091
173.700	-0.997	0.081	-0.970	0.195	0.064	0.091
173.773	-0.997	0.077	-0.971	0.191	0.064	0.090
173.841	-0.997	0.073	-0.972	0.187	0.064	0.089
173.912	-0.998	0.068	-0.973	0.182	0.064	0.088
173.973	-0.998	0.064	-0.974	0.179	0.064	0.087
174.033	-0.998	0.061	-0.974	0.175	0.064	0.087
174.107	-0.998	0.056	-0.975	0.171	0.065	0.087
174.168	-0.999	0.052	-0.976	0.167	0.065	0.086
174.240	-0.999	0.048	-0.977	0.163	0.065	0.085
174.307	-0.999	0.043	-0.978	0.158	0.065	0.084
174.382	-0.999	0.039	-0.979	0.153	0.065	0.083
174.445	-0.999	0.035	-0.979	0.150	0.065	0.083
174.514	-1.000	0.031	-0.980	0.146	0.065	0.082
174.583	-1.000	0.026	-0.981	0.141	0.065	0.081
174.648	-1.000	0.022	-0.981	0.137	0.065	0.081
174.711	-1.000	0.018	-0.982	0.133	0.065	0.081
174.781	-1.000	0.014	-0.983	0.129	0.065	0.080
174.841	-1.000	0.010	-0.983	0.125	0.065	0.080
174.915	-1.000	0.005	-0.984	0.120	0.065	0.079
174.974	-1.000	0.002	-0.985	0.117	0.065	0.078
175.030	-1.000	-0.002	-0.985	0.113	0.065	0.078
175.094	-1.000	-0.006	-0.986	0.109	0.065	0.077
175.159	-1.000	-0.010	-0.986	0.105	0.065	0.077
175.221	-1.000	-0.014	-0.987	0.102	0.065	0.078
175.289	-1.000	-0.018	-0.987	0.097	0.065	0.076
175.352	-1.000	-0.022	-0.988	0.093	0.065	0.076
175.408	-1.000	-0.026	-0.988	0.090	0.065	0.076
175.465	-1.000	-0.029	-0.989	0.086	0.065	0.076
175.531	-0.999	-0.033	-0.989	0.081	0.065	0.075
175.596	-0.999	-0.037	-0.990	0.078	0.065	0.076
175.658	-0.999	-0.041	-0.990	0.073	0.065	0.075
175.721	-0.999	-0.045	-0.990	0.071	0.065	0.076
175.781	-0.999	-0.049	-0.991	0.067	0.065	0.076
175.851	-0.999	-0.053	-0.991	0.062	0.064	0.076
175.911	-0.998	-0.057	-0.992	0.059	0.064	0.076
175.962	-0.998	-0.060	-0.992	0.055	0.064	0.075
176.043	-0.998	-0.065	-0.992	0.050	0.064	0.075
176.098	-0.998	-0.069	-0.993	0.047	0.064	0.076
176.162	-0.997	-0.073	-0.993	0.043	0.064	0.076
176.212	-0.997	-0.076	-0.993	0.039	0.064	0.075
176.269	-0.997	-0.079	-0.994	0.036	0.064	0.076
176.332	-0.996	-0.083	-0.994	0.032	0.064	0.076
176.398	-0.996	-0.087	-0.994	0.028	0.064	0.075
176.459	-0.996	-0.091	-0.994	0.024	0.064	0.075
176.527	-0.995	-0.095	-0.995	0.019	0.064	0.075
176.591	-0.995	-0.099	-0.995	0.016	0.064	0.075
176.662	-0.995	-0.104	-0.995	0.011	0.064	0.075
176.728	-0.994	-0.108	-0.995	0.007	0.064	0.075
176.784	-0.994	-0.111	-0.995	0.004	0.064	0.076
176.852	-0.993	-0.115	-0.995	-0.001	0.063	0.075
176.913	-0.993	-0.119	-0.996	-0.005	0.063	0.075
176.986	-0.992	-0.123	-0.996	-0.009	0.063	0.075
177.054	-0.992	-0.128	-0.996	-0.012	0.063	0.076
177.111	-0.991	-0.131	-0.996	-0.017	0.063	0.076
177.169	-0.991	-0.135	-0.996	-0.021	0.063	0.075
177.242	-0.990	-0.139	-0.996	-0.025	0.063	0.077
177.310	-0.989	-0.143	-0.996	-0.028	0.063	0.076
177.375	-0.989	-0.147	-0.996	-0.032	0.063	0.076
177.441	-0.988	-0.151	-0.996	-0.036	0.062	0.077
177.519	-0.988	-0.156	-0.996	-0.041	0.062	0.077
177.575	-0.987	-0.159	-0.996	-0.045	0.062	0.077
177.634	-0.986	-0.162	-0.996	-0.049	0.062	0.077
177.698	-0.986	-0.166	-0.996	-0.052	0.062	0.077
177.767	-0.985	-0.170	-0.996	-0.055	0.062	0.078
177.827	-0.984	-0.174	-0.996	-0.060	0.062	0.077
177.893	-0.984	-0.178	-0.995	-0.063	0.062	0.077
177.963	-0.983	-0.182	-0.995	-0.068	0.061	0.077
178.023	-0.982	-0.185	-0.995	-0.071	0.061	0.078
178.093	-0.981	-0.189	-0.995	-0.075	0.061	0.078
178.162	-0.980	-0.193	-0.994	-0.080	0.061	0.077
178.220	-0.980	-0.197	-0.994	-0.083	0.061	0.078
178.291	-0.979	-0.201	-0.994	-0.087	0.061	0.078
178.356	-0.978	-0.205	-0.994	-0.090	0.061	0.079
178.424	-0.977	-0.209	-0.994	-0.095	0.060	0.078
178.489	-0.976	-0.212	-0.993	-0.099	0.060	0.079
178.561	-0.975	-0.216	-0.993	-0.103	0.060	0.079
178.627	-0.974	-0.220	-0.993	-0.107	0.060	0.079
178.692	-0.973	-0.224	-0.992	-0.110	0.060	0.080
178.758	-0.972	-0.227	-0.992	-0.115	0.060	0.080
178.820	-0.971	-0.231	-0.992	-0.118	0.059	0.080
178.892	-0.970	-0.235	-0.991	-0.122	0.059	0.080
178.958	-0.969	-0.239	-0.991	-0.126	0.059	0.081
179.030	-0.968	-0.243	-0.990	-0.129	0.059	0.081
179.090	-0.967	-0.246	-0.990	-0.133	0.059	0.081
179.152	-0.966	-0.249	-0.989	-0.136	0.059	0.081
179.224	-0.965	-0.253	-0.989	-0.140	0.058	0.082
179.288	-0.964	-0.257	-0.988	-0.144	0.058	0.082
179.341	-0.963	-0.259	-0.988	-0.147	0.058	0.082
179.417	-0.962	-0.263	-0.987	-0.152	0.058	0.082
179.472	-0.961	-0.266	-0.987	-0.154	0.058	0.083
179.546	-0.959	-0.270	-0.986	-0.159	0.057	0.083
179.613	-0.958	-0.274	-0.985	-0.163	0.057	0.083
179.682	-0.957	-0.277	-0.985	-0.166	0.057	0.084
179.751	-0.956	-0.281	-0.984	-0.169	0.057	0.085
179.825	-0.954	-0.285	-0.984	-0.173	0.057	0.085
179.900	-0.953	-0.289	-0.983	-0.178	0.056	0.085
179.977	-0.952	-0.293	-0.982	-0.182	0.056	0.086
180.041	-0.950	-0.296	-0.982	-0.185	0.056	0.087
180.099	-0.949	-0.299	-0.981	-0.188	0.056	0.087
180.175	-0.948	-0.303	-0.980	-0.192	0.056	0.088
180.240	-0.946	-0.306	-0.980	-0.195	0.055	0.088
180.303	-0.945	-0.309	-0.979	-0.199	0.055	0.088
180.355	-0.944	-0.312	-0.978	-0.201	0.055	0.090
180.417	-0.943	-0.315	-0.978	-0.205	0.055	0.090
180.473	-0.941	-0.317	-0.977	-0.208	0.055	0.090
180.544	-0.940	-0.321	-0.976	-0.211	0.054	0.091
180.597	-0.939	-0.323	-0.976	-0.214	0.054	0.092
180.660	-0.937	-0.326	-0.975	-0.218	0.054	0.092
180.720	-0.936	-0.329	-0.974	-0.220	0.054	0.093
180.782	-0.935	-0.332	-0.973	-0.223	0.054	0.093
180.847	-0.933	-0.335	-0.973	-0.226	0.053	0.095
180.907	-0.932	-0.338	-0.972	-0.230	0.053	0.094
180.979	-0.930	-0.341	-0.971	-0.233	0.053	0.095
